1	2
1	3
1	4
1	5
1	6
1	7
1	8
1	9
1	10
1	11
1	12
1	13
1	14
1	15
1	16
1	17
1	18
1	19
1	20
1	21
1	22
1	376
1	1219
1	268635
1	317880
1	665255
1	665256
1	665257
1	665258
2	1
2	4
2	40
2	106
2	107
2	126
2	134
2	242
2	247
2	276
2	291
2	341
2	363
2	365
2	367
2	404
2	446
2	455
2	480
2	495
2	514
2	534
2	688
2	718
2	723
2	730
2	762
2	776
2	797
2	803
2	839
2	840
2	847
2	848
2	851
2	881
2	882
2	903
2	940
2	967
2	1009
2	1013
2	1070
2	1085
2	1180
2	1183
2	1225
2	1227
2	1244
2	1258
2	1270
2	1708
2	1795
2	1870
2	1999
2	2059
2	2235
2	2243
2	2246
2	2254
2	2266
2	2661
2	2723
2	2775
2	2844
2	2892
2	2974
2	3100
2	3102
2	3120
2	3173
2	3193
2	3355
2	3356
2	3357
2	3358
2	3359
2	3360
2	3361
2	3362
2	3363
2	3364
2	3365
2	3366
2	3367
2	3368
2	3369
2	3370
2	3371
2	3372
2	3373
2	3374
2	3375
2	3376
2	3377
2	3378
2	3379
2	3380
2	3381
2	3382
2	3383
2	3384
2	3385
2	3386
2	3387
2	3388
2	3389
2	3390
2	3391
2	3392
2	3393
2	3394
2	3395
2	3396
2	3397
2	3398
2	3399
2	3400
2	3401
2	3402
2	3403
2	3404
2	3405
2	3406
2	3407
2	3408
2	3409
2	3410
2	3411
2	3412
2	3413
2	3414
2	3415
2	3416
2	3417
2	3418
2	3419
2	3420
2	3421
2	3422
2	3423
2	3424
2	3425
2	3426
2	3427
2	3428
2	3429
2	3430
2	3431
2	3432
2	3433
2	3434
2	3435
2	3436
2	3437
2	3438
2	3439
2	3440
2	3441
2	3442
2	3443
2	3444
2	3445
2	3446
2	3447
2	3448
2	3449
2	3450
2	3451
2	3452
2	3453
2	3454
2	3455
2	3456
2	3457
2	3458
2	3459
2	3460
2	3461
2	3462
2	3463
2	3464
2	3465
2	3466
2	3467
2	3468
2	3469
2	3470
2	3471
2	3472
2	3473
2	3474
2	3475
2	3476
2	3477
2	3478
2	3479
2	3480
2	3481
2	3482
2	3483
2	3484
2	3485
2	3486
2	3487
2	3488
2	3489
2	3490
2	3491
2	3492
2	3493
2	3494
2	3495
2	3496
2	3497
2	3498
2	3499
2	3500
2	3501
2	3502
2	3503
2	3504
2	3696
2	3825
2	6718
2	11010
2	11682
2	19584
2	20138
2	21633
2	30346
2	43284
2	50112
2	63871
2	90019
2	90874
2	110208
2	135421
2	137131
2	151660
2	231664
2	261504
2	262985
2	312341
2	402113
2	427231
2	525432
2	620269
2	663576
2	666787
2	666788
2	666789
2	666790
2	666791
2	666792
2	666793
3	1
3	9307
3	9308
3	9309
3	9310
3	9311
3	9312
3	9313
3	9314
3	9315
3	9316
4	1
4	2
4	11
4	45
4	47
4	63
4	68
4	77
4	78
4	91
4	100
4	104
4	106
4	114
4	115
4	117
4	121
4	140
4	142
4	154
4	165
4	183
4	195
4	204
4	210
4	213
4	225
4	247
4	249
4	269
4	276
4	291
4	297
4	304
4	311
4	341
4	349
4	362
4	363
4	365
4	384
4	391
4	402
4	404
4	406
4	407
4	412
4	420
4	448
4	455
4	468
4	470
4	480
4	495
4	496
4	511
4	514
4	518
4	519
4	530
4	556
4	559
4	617
4	622
4	624
4	631
4	688
4	701
4	707
4	710
4	718
4	723
4	727
4	730
4	743
4	745
4	760
4	773
4	776
4	803
4	806
4	811
4	822
4	826
4	832
4	834
4	844
4	845
4	848
4	850
4	863
4	866
4	868
4	875
4	879
4	881
4	882
4	884
4	888
4	890
4	902
4	903
4	908
4	913
4	929
4	940
4	946
4	952
4	967
4	993
4	998
4	999
4	1013
4	1025
4	1070
4	1072
4	1087
4	1091
4	1102
4	1105
4	1108
4	1119
4	1125
4	1131
4	1155
4	1189
4	1191
4	1220
4	1240
4	1243
4	1244
4	1247
4	1255
4	1259
4	1260
4	1262
4	1268
4	1272
4	1273
4	1274
4	1283
4	1369
4	1385
4	1432
4	1490
4	1491
4	1585
4	1598
4	1605
4	1625
4	1704
4	1705
4	1708
4	1709
4	1751
4	1820
4	1835
4	1840
4	1859
4	1868
4	1874
4	1887
4	1892
4	1906
4	1911
4	1925
4	1975
4	1981
4	1986
4	1999
4	2026
4	2047
4	2052
4	2057
4	2058
4	2059
4	2060
4	2077
4	2089
4	2100
4	2118
4	2125
4	2130
4	2136
4	2152
4	2163
4	2173
4	2195
4	2206
4	2235
4	2241
4	2243
4	2244
4	2245
4	2246
4	2248
4	2252
4	2264
4	2269
4	2733
4	2821
4	2822
4	2836
4	2849
4	2850
4	2852
4	2856
4	2862
4	2868
4	2881
4	2900
4	2901
4	2905
4	2908
4	2926
4	2963
4	2966
4	2983
4	2986
4	3005
4	3010
4	3016
4	3018
4	3020
4	3080
4	3081
4	3100
4	3102
4	3137
4	3156
4	3163
4	3172
4	3179
4	3196
4	3198
4	3209
4	3222
4	3226
4	3236
4	3266
4	3278
4	3307
4	3311
4	3339
4	3341
4	3359
4	3361
4	3371
4	3376
4	3379
4	3391
4	3402
4	3406
4	3409
4	3428
4	3430
4	3440
4	3447
4	3448
4	3459
4	3478
4	3481
4	3482
4	3483
4	3488
4	3490
4	3491
4	3492
4	3494
4	3504
4	3507
4	3515
4	3524
4	3531
4	3538
4	3547
4	3552
4	3558
4	3646
4	3674
4	3677
4	3696
4	3716
4	3737
4	3775
4	3803
4	3812
4	3825
4	3836
4	3838
4	3890
4	3893
4	3900
4	4063
4	4087
4	4213
4	4226
4	4235
4	4264
4	4304
4	4343
4	4351
4	4444
4	4457
4	4459
4	4460
4	4712
4	4716
4	4719
4	4724
4	4727
4	4760
4	4801
4	4805
4	4845
4	4849
4	4871
4	4877
4	4882
4	4890
4	4893
4	4903
4	4914
4	4925
4	4927
4	4929
4	4936
4	4938
4	4950
4	4952
4	4966
4	4983
4	5011
4	5025
4	5038
4	5050
4	5054
4	5057
4	5061
4	5073
4	5094
4	5135
4	5157
4	5171
4	5173
4	5205
4	5220
4	5229
4	5235
4	5274
4	5425
4	5426
4	5451
4	5457
4	5559
4	5721
4	5738
4	5764
4	5804
4	5819
4	5904
4	5906
4	5927
4	5976
4	5996
4	6068
4	6094
4	6138
4	6245
4	6288
4	6349
4	6358
4	6361
4	6386
4	6387
4	6428
4	6430
4	6447
4	6454
4	6470
4	6479
4	6482
4	6524
4	6541
4	6551
4	6559
4	6573
4	6576
4	6663
4	6677
4	6684
4	6688
4	6694
4	6695
4	6707
4	6708
4	6723
4	6748
4	6762
4	6795
4	6816
4	6819
4	6835
4	6874
4	6894
4	7017
4	7081
4	7112
4	7142
4	7172
4	7183
4	7206
4	7218
4	7245
4	7257
4	7277
4	7296
4	7310
4	7334
4	7419
4	7507
4	7531
4	7540
4	7541
4	7554
4	7561
4	7614
4	7622
4	7709
4	7713
4	7718
4	7731
4	7734
4	7779
4	7807
4	7808
4	7812
4	7820
4	7830
4	7838
4	7860
4	7861
4	7874
4	7878
4	7879
4	7886
4	7887
4	7891
4	7911
4	7945
4	7963
4	7964
4	7965
4	7967
4	7976
4	8007
4	8030
4	8083
4	8125
4	8303
4	8324
4	8327
4	8387
4	8395
4	8425
4	8477
4	8481
4	8498
4	8517
4	8535
4	8545
4	8559
4	8615
4	8659
4	8683
4	8687
4	8722
4	8731
4	8790
4	8812
4	8817
4	8827
4	8843
4	8857
4	8876
4	8990
4	9040
4	9069
4	9097
4	9104
4	9193
4	9199
4	9201
4	9225
4	9256
4	9263
4	9265
4	9272
4	9292
4	9369
4	9451
4	9470
4	9717
4	9735
4	9805
4	9841
4	9843
4	9850
4	9868
4	9884
4	9887
4	10033
4	10072
4	10113
4	10284
4	10294
4	10352
4	10372
4	10420
4	10827
4	10916
4	11119
4	11357
4	11547
4	11665
4	11668
4	11677
4	11722
4	11823
4	11838
4	11840
4	11844
4	11881
4	11903
4	11912
4	11945
4	11946
4	11959
4	11989
4	12001
4	12089
4	12151
4	12389
4	13312
4	13341
4	13453
4	13493
4	13530
4	13568
4	13645
4	13662
4	13805
4	13929
4	14027
4	14416
4	14484
4	14590
4	14975
4	15052
4	15231
4	15282
4	15334
4	15347
4	15500
4	15559
4	15634
4	15808
4	15862
4	15887
4	16061
4	16273
4	16597
4	16687
4	16717
4	16823
4	16927
4	16995
4	17128
4	17215
4	17252
4	17310
4	17394
4	17405
4	17408
4	17417
4	17419
4	17423
4	17435
4	17491
4	17528
4	17686
4	17717
4	17826
4	17836
4	17901
4	17902
4	17903
4	17904
4	17905
4	17906
4	17907
4	17908
4	17909
4	17910
4	17911
4	17912
4	17913
4	17914
4	17915
4	17916
4	17917
4	17918
4	17919
4	17920
4	17921
4	17922
4	17923
4	17924
4	17925
4	17926
4	17927
4	17928
4	17929
4	17930
4	17931
4	17932
4	17933
4	17934
4	17935
4	17936
4	17937
4	17938
4	17939
4	17940
4	17941
4	17942
4	17943
4	17944
4	17945
4	17946
4	17947
4	17948
4	17949
4	17950
4	17951
4	17952
4	17953
4	17954
4	17955
4	17956
4	17957
4	17958
4	17959
4	17960
4	17961
4	17962
4	17963
4	17964
4	17965
4	17966
4	17967
4	17968
4	17969
4	17970
4	17971
4	17972
4	17973
4	17974
4	17975
4	17976
4	17977
4	17978
4	17979
4	17980
4	17981
4	17982
4	17983
4	17984
4	17985
4	17986
4	17987
4	17988
4	17989
4	17990
4	17991
4	17992
4	17993
4	17994
4	17995
4	17996
4	17997
4	17998
4	17999
4	18000
4	18001
4	18002
4	18003
4	18004
4	18005
4	18006
4	18007
4	18008
4	18009
4	18010
4	18011
4	18012
4	18013
4	18014
4	18015
4	18016
4	18017
4	18018
4	18019
4	18020
4	18021
4	18022
4	18023
4	18024
4	18025
4	18026
4	18027
4	18028
4	18029
4	18030
4	18031
4	18032
4	18033
4	18034
4	18035
4	18036
4	18037
4	18038
4	18039
4	18040
4	18041
4	18042
4	18043
4	18044
4	18045
4	18046
4	18047
4	18048
4	18049
4	18050
4	18051
4	18052
4	18053
4	18054
4	18055
4	18056
4	18057
4	18058
4	18059
4	18060
4	18061
4	18062
4	18063
4	18064
4	18065
4	18066
4	18067
4	18068
4	18069
4	18070
4	18071
4	18072
4	18073
4	18074
4	18075
4	18076
4	18077
4	18078
4	18079
4	18080
4	18081
4	18082
4	18083
4	18084
4	18085
4	18086
4	18087
4	18088
4	18089
4	18090
4	18091
4	18092
4	18093
4	18094
4	18095
4	18096
4	18097
4	18098
4	18099
4	18100
4	18101
4	18102
4	18103
4	18104
4	18105
4	18106
4	18107
4	18108
4	18109
4	18110
4	18111
4	18112
4	18113
4	18114
4	18115
4	18116
4	18117
4	18118
4	18119
4	18120
4	18121
4	18122
4	18123
4	18124
4	18125
4	18126
4	18127
4	18128
4	18129
4	18130
4	18131
4	18132
4	18133
4	18134
4	18135
4	18136
4	18137
4	18138
4	18139
4	18140
4	18141
4	18142
4	18143
4	18144
4	18145
4	18146
4	18147
4	18148
4	18149
4	18150
4	18151
4	18152
4	18153
4	18154
4	18155
4	18156
4	18157
4	18158
4	18159
4	18160
4	18161
4	18162
4	18163
4	18164
4	18165
4	18166
4	18167
4	18168
4	18169
4	18170
4	18171
4	18172
4	18173
4	18174
4	18175
4	18176
4	18177
4	18178
4	18179
4	18180
4	18181
4	18182
4	18183
4	18184
4	18185
4	18186
4	18187
4	18188
4	18189
4	18190
4	18191
4	18192
4	18193
4	18194
4	18195
4	18196
4	18197
4	18198
4	18199
4	18200
4	18201
4	18202
4	18203
4	18204
4	18205
4	18206
4	18207
4	18208
4	18209
4	18210
4	18211
4	18212
4	18213
4	18214
4	18215
4	18216
4	18217
4	18218
4	18219
4	18220
4	18221
4	18222
4	18223
4	18224
4	18225
4	18226
4	18227
4	18228
4	18229
4	18230
4	18231
4	18232
4	18233
4	18234
4	18235
4	18236
4	18237
4	18238
4	18239
4	18240
4	18241
4	18242
4	18243
4	18244
4	18245
4	18246
4	18247
4	18248
4	18249
4	18250
4	18251
4	18252
4	18253
4	18254
4	18255
4	18256
4	18257
4	18258
4	18259
4	18260
4	18261
4	18262
4	18263
4	18264
4	18265
4	18266
4	18267
4	18268
4	18269
4	18270
4	18271
4	18272
4	18273
4	18274
4	18275
4	18276
4	18277
4	18278
4	18279
4	18280
4	18281
4	18282
4	18283
4	18284
4	18285
4	18286
4	18287
4	18288
4	18289
4	18290
4	18291
4	18292
4	18293
4	18294
4	18295
4	18296
4	18297
4	18298
4	18299
4	18300
4	18301
4	18302
4	18303
4	18304
4	18305
4	18306
4	18307
4	18308
4	18309
4	18310
4	18311
4	18312
4	18313
4	18314
4	18315
4	18316
4	18317
4	18318
4	18319
4	18320
4	18321
4	18322
4	18323
4	18324
4	18325
4	18326
4	18327
4	18328
4	18329
4	18330
4	18331
4	18332
4	18333
4	18334
4	18335
4	18336
4	18337
4	18338
4	18339
4	18340
4	18341
4	18342
4	18343
4	18344
4	18345
4	18346
4	18347
4	18348
4	18349
4	18350
4	18351
4	18352
4	18353
4	18354
4	18355
4	18356
4	18357
4	18358
4	18359
4	18360
4	18361
4	18362
4	18363
4	18364
4	18365
4	18366
4	18367
4	18368
4	18369
4	18370
4	18371
4	18372
4	18373
4	18374
4	18375
4	18376
4	18377
4	18378
4	18379
4	18380
4	18381
4	18382
4	18383
4	18384
4	18385
4	18386
4	18387
4	18388
4	18389
4	18390
4	18391
4	18392
4	18393
4	18394
4	18395
4	18396
4	18397
4	18398
4	18399
4	18400
4	18401
4	18402
4	18403
4	18404
4	18405
4	18406
4	18407
4	18408
4	18409
4	18410
4	18411
4	18412
4	18413
4	18414
4	18415
4	18416
4	18417
4	18418
4	18419
4	18420
4	18421
4	18422
4	18423
4	18424
4	18425
4	18426
4	18427
4	18428
4	18429
4	18430
4	18431
4	18432
4	18433
4	18434
4	18435
4	18436
4	18437
4	18438
4	18439
4	18440
4	18441
4	18442
4	18443
4	18444
4	18445
4	18446
4	18447
4	18448
4	18449
4	18450
4	18451
4	18452
4	18453
4	18454
4	18455
4	18456
4	18457
4	18458
4	18459
4	18460
4	18461
4	18462
4	18463
4	18464
4	18465
4	18466
4	18467
4	18468
4	18469
4	18470
4	18471
4	18472
4	18473
4	18474
4	18475
4	18476
4	18477
4	18478
4	18479
4	18480
4	18481
4	18482
4	18483
4	18484
4	18485
4	18486
4	18487
4	18488
4	18489
4	18490
4	18491
4	18492
4	18493
4	18494
4	18495
4	18496
4	18497
4	18498
4	18499
4	18500
4	18501
4	18502
4	18503
4	18504
4	18505
4	18506
4	18507
4	18508
4	18509
4	18510
4	18511
4	18512
4	18513
4	18514
4	18515
4	18516
4	18517
4	18518
4	18519
4	18520
4	18521
4	18522
4	18523
4	18524
4	18525
4	18526
4	18527
4	18528
4	18529
4	18530
4	18531
4	18532
4	18533
4	18534
4	18535
4	18536
4	18537
4	18538
4	18539
4	18540
4	18541
4	18542
4	18543
4	18544
4	18545
4	18546
4	18547
4	18548
4	18549
4	18550
4	18551
4	18552
4	18553
4	18554
4	18555
4	18556
4	18557
4	18558
4	18559
4	18560
4	18561
4	18562
4	18563
4	18564
4	18565
4	18566
4	18567
4	18568
4	18569
4	18570
4	18571
4	18572
4	18573
4	18574
4	18575
4	18576
4	18577
4	18578
4	18579
4	18580
4	18581
4	18582
4	18583
4	18584
4	18585
4	18586
4	18587
4	18588
4	18589
4	18590
4	18591
4	18592
4	18593
4	18594
4	18595
4	18596
4	18597
4	18598
4	18599
4	18600
4	18601
4	18602
4	18603
4	18604
4	18605
4	18606
4	18607
4	18608
4	18609
4	18610
4	18611
4	18612
4	18613
4	18614
4	18615
4	18616
4	18617
4	18618
4	18619
4	18620
4	18621
4	18622
4	18623
4	18624
4	18625
4	18626
4	18627
4	18628
4	18629
4	18630
4	18631
4	18632
4	18633
4	18634
4	18635
4	18636
4	18637
4	18638
4	18639
4	18640
4	18641
4	18642
4	18643
4	18644
4	18645
4	18646
4	18647
4	18648
4	18649
4	18650
4	18651
4	18652
4	18653
4	18654
4	18655
4	18656
4	18657
4	18658
4	18659
4	18660
4	18661
4	18662
4	18663
4	18664
4	18665
4	18666
4	18667
4	18668
4	18669
4	18670
4	18671
4	18672
4	18673
4	18674
4	18675
4	18676
4	18677
4	18678
4	18679
4	18680
4	18681
4	18682
4	18683
4	18684
4	18685
4	18686
4	18687
4	18688
4	18689
4	18690
4	18691
4	18692
4	18693
4	18694
4	18695
4	18696
4	18697
4	18698
4	18699
4	18700
4	18701
4	18702
4	18703
4	18704
4	18705
4	18706
4	18707
4	18708
4	18709
4	18710
4	18711
4	18712
4	18713
4	18714
4	18715
4	18716
4	18717
4	18718
4	18719
4	18720
4	18721
4	18722
4	18723
4	18724
4	18725
4	18726
4	18727
4	18728
4	18729
4	18730
4	18731
4	18732
4	18733
4	18734
4	18735
4	18736
4	18737
4	18738
4	18739
4	18740
4	18741
4	18742
4	18743
4	18744
4	18745
4	18746
4	18747
4	18748
4	18749
4	18750
4	18751
4	18752
4	18753
4	18754
4	18755
4	18756
4	18757
4	18758
4	18759
4	18760
4	18761
4	18762
4	18763
4	18764
4	18765
4	18766
4	18767
4	18768
4	18769
4	18770
4	18771
4	18772
4	18773
4	18774
4	18775
4	18776
4	18777
4	18778
4	18779
4	18780
4	18781
4	18782
4	18783
4	18784
4	18785
4	18786
4	18787
4	18788
4	18789
4	18790
4	18791
4	18792
4	18793
4	18794
4	18795
4	18796
4	18797
4	18798
4	18799
4	18800
4	18801
4	18802
4	18803
4	18804
4	18805
4	18806
4	18807
4	18808
4	18809
4	18810
4	18811
4	18812
4	18813
4	18814
4	18815
4	18816
4	18817
4	18818
4	18819
4	18820
4	18821
4	18822
4	18823
4	18824
4	18825
4	18826
4	18827
4	18828
4	18829
4	18830
4	18831
4	18832
4	18833
4	18834
4	18835
4	18836
4	18837
4	18962
4	18995
4	19165
4	19172
4	19584
4	19764
4	19924
4	19958
4	20045
4	20056
4	20072
4	20161
4	20210
4	20563
4	20588
4	20593
4	20721
4	20783
4	20947
4	20975
4	21218
4	21615
4	21680
4	21700
4	21782
4	21784
4	22056
4	22298
4	22367
4	22952
4	23073
4	23348
4	23386
4	23488
4	23645
4	23667
4	24018
4	24186
4	24207
4	24679
4	25084
4	26033
4	26576
4	26625
4	27019
4	27109
4	27337
4	27456
4	27632
4	27644
4	27684
4	27920
4	27948
4	28073
4	28440
4	28490
4	28849
4	28870
4	28896
4	28946
4	29203
4	29207
4	29265
4	29520
4	29585
4	30201
4	30235
4	31536
4	31545
4	31627
4	32182
4	32456
4	33181
4	33381
4	33548
4	33551
4	33582
4	33583
4	35646
4	35816
4	35824
4	36047
4	36284
4	36654
4	36701
4	36782
4	36909
4	37279
4	37354
4	37486
4	38127
4	38247
4	38394
4	38436
4	39018
4	40174
4	42258
4	43126
4	43245
4	43699
4	43827
4	43994
4	44072
4	44205
4	44253
4	44522
4	45290
4	47408
4	47473
4	50156
4	50224
4	50562
4	50600
4	50657
4	50672
4	50708
4	50905
4	51684
4	51893
4	52355
4	53707
4	58343
4	58617
4	59569
4	59748
4	61455
4	62064
4	62097
4	62623
4	63051
4	63620
4	63837
4	63849
4	64023
4	64940
4	67861
4	69069
4	69190
4	69826
4	69845
4	70140
4	70155
4	71122
4	71284
4	74738
4	74945
4	76896
4	77503
4	79375
4	82307
4	83659
4	84090
4	84396
4	84465
4	84491
4	84994
4	85584
4	85979
4	86275
4	86665
4	86869
4	87327
4	88937
4	89112
4	89543
4	90166
4	90652
4	90889
4	90930
4	90979
4	91480
4	91645
4	91764
4	91776
4	92542
4	93173
4	93765
4	94312
4	95099
4	95842
4	96073
4	96377
4	96437
4	96885
4	99731
4	100018
4	100154
4	100817
4	102806
4	103944
4	104203
4	104243
4	108759
4	110535
4	110663
4	112599
4	117156
4	117760
4	118146
4	118197
4	119006
4	119723
4	122074
4	123728
4	124198
4	125097
4	125233
4	125850
4	125958
4	125989
4	126186
4	126243
4	127024
4	132768
4	132892
4	133903
4	134117
4	136170
4	136449
4	137375
4	139881
4	143305
4	143487
4	148237
4	151704
4	151926
4	152660
4	152796
4	153278
4	153432
4	157125
4	160066
4	161448
4	162425
4	164637
4	165179
4	166881
4	170082
4	172327
4	172969
4	175296
4	177456
4	177519
4	180606
4	181371
4	182885
4	184747
4	185095
4	187301
4	188309
4	188439
4	188745
4	194185
4	194589
4	196139
4	198748
4	199209
4	200243
4	201833
4	202975
4	203022
4	204789
4	204885
4	205477
4	205653
4	206142
4	206946
4	207023
4	207166
4	208892
4	210981
4	213463
4	215492
4	217463
4	217513
4	218160
4	218714
4	220755
4	221702
4	222201
4	222241
4	223416
4	226260
4	226686
4	227169
4	228360
4	228663
4	229291
4	230617
4	231122
4	232290
4	241596
4	241906
4	243946
4	245234
4	252702
4	254480
4	256766
4	258904
4	262985
4	263338
4	264751
4	267448
4	268363
4	268703
4	268727
4	269349
4	273409
4	273443
4	273914
4	274922
4	276709
4	279499
4	285060
4	285286
4	287527
4	302476
4	303197
4	303295
4	304849
4	306194
4	306479
4	307006
4	312120
4	313482
4	315908
4	319424
4	320013
4	321360
4	323418
4	325202
4	327327
4	328086
4	330228
4	330691
4	334946
4	335565
4	342164
4	352163
4	353674
4	353743
4	358859
4	359091
4	359745
4	366611
4	369938
4	372541
4	375664
4	378134
4	378707
4	378897
4	391475
4	392936
4	395061
4	397539
4	406142
4	406188
4	412280
4	413703
4	417114
4	429721
4	429911
4	430431
4	436875
4	442940
4	443028
4	444787
4	447303
4	447765
4	450784
4	457910
4	459206
4	459420
4	465564
4	471222
4	476428
4	477207
4	477646
4	482709
4	485245
4	489442
4	494736
4	504784
4	512807
4	516359
4	521931
4	522532
4	523204
4	532046
4	532200
4	533627
4	534830
4	546471
4	548610
4	552377
4	557241
4	559063
4	561017
4	561127
4	561869
4	562901
4	571483
4	577974
4	580105
4	582569
4	583386
4	585939
4	587115
4	588297
4	589808
4	592864
4	601263
4	606817
4	611776
4	622231
4	622647
4	633010
4	635505
4	636472
4	636845
4	636846
4	636853
4	636854
4	637146
4	637167
4	637168
4	637171
4	637335
4	637437
4	637461
4	637463
4	637470
4	637473
4	637486
4	637496
4	637497
4	637498
4	637502
4	637512
4	637969
4	638067
4	638099
4	638106
4	638276
4	638283
4	638294
4	638351
4	639320
4	639335
4	639341
4	639346
4	639352
4	639355
4	639360
4	639383
4	639385
4	639394
4	639496
4	639530
4	639542
4	639560
4	639586
4	639592
4	639630
4	639696
4	639716
4	639722
4	639747
4	639929
4	640277
4	640877
4	640930
4	641434
4	642371
4	643577
4	644730
4	644803
4	644889
4	644942
4	644955
4	645788
4	646369
4	646961
4	647176
4	647179
4	647365
4	647559
4	647561
4	647562
4	647567
4	647570
4	647572
4	647573
4	647576
4	647577
4	647579
4	647580
4	647581
4	647588
4	647600
4	647605
4	647607
4	647609
4	647616
4	647619
4	647620
4	647626
4	647627
4	647638
4	647646
4	647742
4	648010
4	648250
4	648715
4	648718
4	648744
4	648745
4	648749
4	648750
4	648819
4	649500
4	650202
4	650321
4	650330
4	650343
4	650821
4	650848
4	650849
4	650860
4	650862
4	650865
4	650874
4	650911
4	650922
4	650926
4	650940
4	650945
4	651044
4	651102
4	651129
4	651140
4	651152
4	653262
4	653489
4	653846
4	653891
4	653894
4	653900
4	653912
4	653914
4	654387
4	654395
4	654446
4	654488
4	654564
4	654567
4	654597
4	654726
4	654743
4	654744
4	654766
4	654777
4	654791
4	654798
4	654814
4	654878
4	655025
4	655026
4	655030
4	655260
4	655266
4	655316
4	655410
4	655427
4	655438
4	655439
4	655446
4	655476
4	655530
4	655546
4	655575
4	655589
4	655609
4	655616
4	655636
4	655861
4	655869
4	655932
4	655948
4	656057
4	656145
4	656148
4	656395
4	656397
4	656412
4	656414
4	656417
4	656423
4	656427
4	656431
4	656614
4	656909
4	656917
4	656918
4	656919
4	656923
4	656948
4	657135
4	657253
4	657336
4	657350
4	657393
4	657641
4	657877
4	657879
4	657883
4	657891
4	657899
4	657903
4	657906
4	657907
4	657909
4	657912
4	657921
4	657938
4	658672
4	659512
4	659678
4	660069
4	660182
4	660406
4	661632
4	663516
4	663545
4	663560
4	663606
4	663607
4	663615
4	663620
4	663631
4	663634
4	663637
4	663660
4	663663
4	663701
4	663733
4	663735
4	663736
4	663737
4	663738
4	663739
4	663740
4	663741
4	663742
4	663743
4	663744
4	663745
4	663746
4	663747
4	663748
4	663749
4	663750
4	663751
4	663752
4	663753
4	663754
4	663755
4	663756
4	663757
4	663758
4	663759
4	663760
4	663761
4	663762
4	663763
4	663764
4	663765
4	663766
4	663767
4	663768
4	663769
4	663770
4	663771
4	663772
4	663773
4	663774
4	663775
4	663776
4	663777
4	663778
4	663779
4	663780
4	663781
4	663782
4	663783
4	663784
4	663785
4	663786
4	663787
4	663788
4	663789
4	663790
4	663791
4	663792
4	663793
4	663794
4	663795
4	663796
4	663797
4	663798
4	663799
4	663800
4	663801
4	663802
4	663803
4	663804
4	663805
4	663806
4	663807
4	663808
4	663809
4	663810
4	663811
4	663812
4	663813
4	663814
4	663815
4	663816
4	663817
4	663818
4	663819
4	663820
4	663821
4	663822
4	663823
4	663824
4	663825
4	663826
4	663827
4	663828
4	663829
4	663830
4	663831
4	663832
4	663833
4	663834
4	663835
4	663836
4	663837
4	663838
4	663839
4	663840
4	663841
4	663842
4	663843
4	663844
4	663845
4	663846
4	663847
4	663848
4	663849
4	663850
4	663851
4	663852
4	663853
4	663854
4	663855
4	663856
4	663857
4	663858
4	663859
4	663860
4	663861
4	663862
4	663863
4	663864
4	663865
4	663866
4	663867
4	663868
4	663869
4	663870
4	663871
4	663872
4	663873
4	663874
4	663875
4	663876
4	663877
4	663878
4	663879
4	663880
4	663881
4	663882
4	663883
4	663884
4	663885
4	663886
4	663887
4	663888
4	663889
4	663890
4	663891
4	663892
4	663893
4	663894
4	663895
4	663896
4	663897
4	663898
4	663899
4	663900
4	663901
4	663902
4	663903
4	663904
4	663905
4	663906
4	663907
4	663908
4	663909
4	663910
4	663911
4	663912
4	663913
4	663914
4	663915
4	663916
4	663917
4	663918
4	663919
4	663920
4	663921
4	663922
4	663923
4	663924
4	663925
4	663926
4	663927
4	663928
4	663929
4	663930
4	663931
4	663932
4	663933
4	663934
4	663935
4	663936
4	663937
4	663938
4	663939
4	663940
4	663941
4	663942
4	663943
4	663944
4	663945
4	663946
4	663947
4	663948
4	663949
4	663950
4	663951
4	663952
4	663953
4	663954
4	663955
4	663956
4	663957
4	663958
4	663959
4	663960
4	663961
4	663962
4	663963
4	663964
4	663965
4	663966
4	663967
4	663968
4	663969
4	663970
4	663971
4	663972
4	663973
4	663974
4	663975
4	663976
4	663977
4	663978
4	663979
4	663980
4	663981
4	663982
4	663983
4	663984
4	663985
4	663986
4	663987
4	663988
4	663989
4	663990
4	663991
4	663992
4	663993
4	663994
4	663995
4	663996
4	663997
4	663998
4	663999
4	664000
4	664001
4	664002
4	664003
4	664004
4	664005
4	664006
4	664007
4	664008
4	664009
4	664010
4	664011
4	664012
4	664013
4	664014
4	664015
4	664016
4	664017
4	664018
4	664019
4	664020
4	664021
4	664022
4	664023
4	664024
4	664025
4	664026
4	664027
4	664028
4	664029
4	664030
4	664031
4	664032
4	664033
4	664034
4	664035
4	664036
4	664037
4	664038
4	664039
4	664040
4	664041
4	664042
4	664043
4	664044
4	664045
4	664046
4	664047
4	664048
4	664049
4	664050
4	664051
4	664052
4	664053
4	664054
4	664055
4	664056
4	664057
4	664058
4	664059
4	664060
4	664061
4	664062
4	664063
4	664064
4	664065
4	664066
4	664067
4	664068
4	664069
4	664070
4	664071
4	664072
4	664073
4	664074
4	664075
4	664076
4	664077
4	664078
4	664079
4	664080
4	664081
4	664082
4	664083
4	664084
4	664085
4	664086
4	664087
4	664088
4	664089
4	664090
4	664091
4	664092
4	664093
4	664094
4	664095
4	664096
4	664097
4	664098
4	664099
4	664100
4	664101
4	664102
4	664103
4	664104
4	664105
4	664106
4	664107
4	664108
4	664109
4	664110
4	664111
4	664112
4	664113
4	664114
4	664115
4	664116
4	664117
4	664118
4	664119
4	664120
4	664121
4	664122
4	664123
4	664124
4	664125
4	664126
4	664127
4	664128
4	664129
4	664130
4	664131
4	664132
4	664133
4	664134
4	664135
4	664136
4	664137
4	664138
4	664139
4	664140
4	664141
4	664142
4	664143
4	664144
4	664145
4	664146
4	664147
4	664148
4	664149
4	664150
4	664151
4	664152
4	664153
4	664154
4	664155
4	664156
4	664157
4	664158
4	664159
4	664160
4	664161
4	664162
4	664163
4	664164
4	664165
4	664166
4	664167
4	664168
4	664169
4	664170
4	664171
4	664172
4	664173
4	664174
4	664175
4	664176
4	664177
4	664178
4	664179
4	664180
4	664181
4	664182
4	664183
4	664184
4	664185
4	664186
4	664187
4	664188
4	664189
4	664190
4	664191
4	664192
4	664193
4	664194
4	664195
4	664196
4	664197
4	664198
4	664199
4	664200
4	664201
4	664202
4	664203
4	664204
4	664205
4	664206
4	664207
4	664320
4	664661
4	665815
4	665990
4	666677
4	667133
4	667359
4	667456
4	667728
4	667737
4	668940
4	669368
4	669873
4	670575
4	671081
4	672789
4	674598
4	675823
4	676650
4	677414
4	680870
4	681863
4	683327
4	699022
4	699287
4	708054
4	715134
4	723576
4	751161
4	769406
4	772043
4	793659
4	854871
4	874310
4	900420
4	900715
4	909099
4	1014427
4	1014440
4	1014841
4	1019459
4	1019955
4	1024426
4	1024427
4	1024428
4	1024429
4	1028465
4	1029353
4	1032030
4	1034018
4	1045044
4	1046956
4	1048438
4	1049079
4	1051569
4	1053595
4	1054128
4	1059607
4	1060382
4	1061625
4	1067298
4	1067494
4	1067598
4	1071105
4	1073063
4	1076390
4	1079072
4	1079762
4	1080890
4	1081808
4	1085703
4	1085704
4	1085705
4	1085826
4	1087673
4	1090454
4	1092507
4	1092508
4	1093109
4	1093579
4	1096234
4	1105740
4	1105821
4	1106224
4	1107896
4	1107954
4	1112725
4	1114554
4	1118135
4	1120328
4	1120568
4	1125501
4	1125502
4	1130533
4	1130534
4	1130546
4	1142173
4	1144085
5	1
5	311
5	363
5	535
5	536
5	537
5	538
5	539
5	540
5	541
5	542
5	543
5	544
5	545
5	546
5	547
5	548
5	549
5	550
5	551
5	552
5	553
5	554
5	555
5	556
5	557
5	558
5	559
5	560
5	561
5	562
5	563
5	564
5	565
5	566
5	567
5	568
5	569
5	570
5	571
5	572
5	573
5	574
5	575
5	576
5	577
5	578
5	579
5	580
5	581
5	582
5	583
5	584
5	585
5	586
5	587
5	588
5	589
5	590
5	591
5	592
5	593
5	594
5	595
5	596
5	597
5	598
5	599
5	600
5	601
5	602
5	603
5	604
5	605
5	606
5	607
5	608
5	609
5	610
5	611
5	612
5	613
5	614
5	615
5	616
5	617
5	618
5	619
5	620
5	621
5	622
5	623
5	624
5	625
5	626
5	627
5	628
5	629
5	630
5	631
5	632
5	633
5	634
5	635
5	636
5	637
5	638
5	639
5	640
5	641
5	642
5	643
5	644
5	645
5	646
5	647
5	648
5	649
5	650
5	651
5	652
5	653
5	654
5	655
5	656
5	657
5	658
5	659
5	660
5	661
5	662
5	663
5	664
5	665
5	666
5	667
5	668
5	669
5	670
5	671
5	672
5	673
5	674
5	675
5	676
5	677
5	678
5	679
5	680
5	681
5	682
5	683
5	684
5	685
5	686
5	687
5	688
5	689
5	690
5	691
5	692
5	693
5	694
5	695
5	696
5	697
5	698
5	699
5	700
5	3384
5	3696
5	29754
5	37374
5	139837
5	253989
5	257319
5	337166
5	448215
5	521325
5	543603
5	608593
5	663703
5	663704
5	663705
5	663706
5	663707
5	663708
5	663709
5	663710
5	663711
5	663712
11	1
11	4
11	63
11	165
11	197
11	349
11	718
11	727
11	743
11	803
11	808
11	905
11	908
11	1013
11	1042
11	1050
11	1073
11	1093
11	1119
11	1252
11	1273
11	1490
11	1491
11	1992
11	3491
11	3493
11	3505
11	3506
11	3507
11	3508
11	3509
11	3510
11	3511
11	3512
11	3513
11	3514
11	3515
11	3516
11	3517
11	3518
11	3519
11	3520
11	3521
11	3522
11	3523
11	3524
11	3525
11	3526
11	3527
11	3528
11	3529
11	3530
11	3531
11	3532
11	3533
11	3534
11	3535
11	3536
11	3537
11	3538
11	3539
11	3540
11	3541
11	3542
11	3543
11	3544
11	3545
11	3546
11	3547
11	3548
11	3549
11	3550
11	3551
11	3552
11	3553
11	3554
11	3555
11	3556
11	3557
11	3558
11	3559
11	3560
11	3561
11	3562
11	3563
11	3564
11	3565
11	5109
11	7484
11	13568
11	21784
11	26625
11	29520
11	84156
11	130558
11	232171
11	282897
11	312341
11	655575
11	663545
11	663562
11	663738
11	663788
11	664283
11	665190
11	665601
11	665656
11	665657
11	665658
11	665659
11	1085697
13	1
13	72
13	106
13	115
13	117
13	249
13	314
13	363
13	404
13	407
13	455
13	480
13	517
13	701
13	702
13	703
13	704
13	705
13	706
13	707
13	708
13	709
13	710
13	711
13	712
13	713
13	714
13	715
13	716
13	717
13	718
13	719
13	720
13	721
13	722
13	723
13	724
13	725
13	726
13	727
13	728
13	729
13	730
13	731
13	732
13	733
13	734
13	801
13	803
13	823
13	851
13	887
13	902
13	903
13	952
13	967
13	1025
13	1072
13	1091
13	1183
13	1191
13	1233
13	1240
13	1707
13	2086
13	2821
13	3010
13	3113
13	3222
13	3372
13	3447
13	3478
13	5149
13	6722
13	6766
13	8265
13	9841
13	14127
13	15500
13	17257
13	19952
13	25684
13	26949
13	27359
13	35748
13	36047
13	36782
13	36790
13	41484
13	51710
13	59746
13	62134
13	226592
13	233306
13	521931
13	663560
13	663619
13	663641
13	663931
13	664059
13	664231
13	664320
13	664490
13	665614
13	665615
13	665616
13	665617
13	665618
13	665619
13	665620
13	665621
13	665622
13	665623
13	704422
13	902974
13	1032030
14	1
14	297
14	363
14	806
14	826
14	832
14	1013
14	1072
14	1257
14	1490
14	2426
14	2565
14	2577
14	2661
14	3082
14	3083
14	3084
14	3085
14	3086
14	3087
14	3088
14	3089
14	3090
14	3091
14	3092
14	3093
14	3094
14	3095
14	3096
14	3097
14	3098
14	3099
14	3100
14	3101
14	3102
14	3103
14	3104
14	3105
14	3106
14	3107
14	3108
14	3109
14	3110
14	3111
14	3112
14	3113
14	3114
14	3115
14	3116
14	3117
14	3118
14	3119
14	3120
14	3121
14	3122
14	3123
14	3124
14	3125
14	3126
14	3127
14	3128
14	3129
14	3130
14	3131
14	3132
14	3133
14	3134
14	3135
14	3136
14	3137
14	3138
14	3139
14	3140
14	3141
14	3142
14	3143
14	3144
14	3145
14	3146
14	3147
14	3148
14	3149
14	3150
14	3151
14	3152
14	3153
14	3154
14	3155
14	3156
14	3157
14	3158
14	3159
14	3160
14	3161
14	3162
14	4614
14	7808
14	8792
14	9063
14	47806
14	65420
14	200755
14	258781
14	360529
14	407061
14	425702
14	663560
14	663606
14	664591
14	665660
14	665661
14	665662
14	665663
14	666986
14	1024425
14	1073063
15	1
15	47
15	78
15	106
15	349
15	363
15	455
15	617
15	643
15	730
15	803
15	808
15	811
15	826
15	851
15	948
15	952
15	958
15	1042
15	1072
15	1119
15	1227
15	1244
15	1490
15	2245
15	2712
15	2880
15	3098
15	3129
15	3171
15	3222
15	3228
15	3372
15	3404
15	3409
15	3524
15	3534
15	3791
15	3907
15	4386
15	4422
15	4956
15	5424
15	5428
15	5431
15	5825
15	5870
15	6154
15	6428
15	6653
15	6654
15	6655
15	6656
15	6657
15	6658
15	6659
15	6660
15	6661
15	6662
15	6663
15	6664
15	6665
15	6666
15	6667
15	6668
15	6669
15	6670
15	6671
15	6672
15	6673
15	6674
15	6675
15	6676
15	6677
15	6678
15	6679
15	6680
15	6681
15	6682
15	6683
15	6684
15	6685
15	6686
15	6687
15	6688
15	6689
15	6690
15	6691
15	6692
15	6693
15	6694
15	6695
15	6696
15	6697
15	6698
15	6699
15	6700
15	6701
15	6702
15	6703
15	6704
15	6705
15	6706
15	6707
15	6708
15	6709
15	6710
15	6711
15	8717
15	27456
15	57476
15	59204
15	60056
15	61121
15	84759
15	94574
15	434142
15	482709
15	656431
15	663651
15	663819
15	663931
15	664320
15	664490
15	666786
15	867340
15	868646
15	1032030
15	1034018
15	1048438
15	1096233
16	1
16	534
16	688
16	888
16	2843
16	2844
16	2845
16	13662
16	17763
16	27950
16	44253
16	655530
16	664543
16	669332
16	669333
16	1105821
17	665233
18	1
18	23
18	24
18	25
18	26
18	27
18	28
18	29
18	30
18	31
18	32
18	33
18	34
18	35
18	36
18	37
18	38
18	39
18	40
18	41
18	42
18	43
18	44
18	45
18	46
18	47
18	48
18	49
18	50
18	51
18	52
18	53
18	54
18	55
18	56
18	57
18	58
18	59
18	60
18	61
18	62
18	63
18	64
18	65
18	66
18	67
18	68
18	69
18	70
18	71
18	72
18	73
18	74
18	75
18	76
18	77
18	78
18	79
18	80
18	81
18	82
18	83
18	84
18	85
18	86
18	87
18	88
18	89
18	90
18	91
18	92
18	93
18	94
18	95
18	96
18	97
18	98
18	99
18	100
18	101
18	102
18	103
18	104
18	105
18	106
18	107
18	108
18	109
18	110
18	111
18	112
18	113
18	114
18	115
18	116
18	117
18	118
18	119
18	120
18	121
18	122
18	123
18	124
18	125
18	126
18	127
18	128
18	129
18	130
18	131
18	132
18	133
18	134
18	135
18	242
18	313
18	337
18	349
18	363
18	367
18	406
18	420
18	512
18	514
18	608
18	723
18	730
18	747
18	776
18	888
18	927
18	1027
18	1682
18	2246
18	3372
18	3430
18	5027
18	5445
18	6720
18	7222
18	7335
18	7436
18	7708
18	7815
18	8514
18	9735
18	9823
18	10420
18	11194
18	14686
18	15131
18	15209
18	15522
18	16093
18	16390
18	17362
18	17906
18	17994
18	18029
18	19252
18	21666
18	22111
18	25618
18	27632
18	28328
18	29281
18	35816
18	37593
18	37654
18	40338
18	43735
18	44594
18	46816
18	47240
18	49259
18	51891
18	51992
18	58331
18	67955
18	71369
18	74564
18	83754
18	85706
18	88003
18	90160
18	100731
18	102806
18	103696
18	129317
18	136412
18	156943
18	163448
18	177592
18	198941
18	300636
18	318808
18	325202
18	326873
18	334968
18	345042
18	373275
18	406980
18	409405
18	498202
18	506485
18	529809
18	585071
18	599943
18	619135
18	623914
18	640623
18	644803
18	649059
18	651119
18	651129
18	652331
18	655476
18	655528
18	655685
18	655934
18	656608
18	663432
18	663544
18	663585
18	663620
18	663701
18	663715
18	663723
18	663915
18	664044
18	664054
18	664554
18	664613
18	665278
18	665279
18	665280
18	665281
18	665282
18	665283
18	665284
18	665285
18	665286
18	665287
18	665288
18	665289
18	665290
18	665291
18	665292
18	665293
18	665294
18	665295
18	665296
18	665297
18	665298
18	665299
18	665300
18	665301
18	665302
18	665303
18	665304
18	665305
18	665306
18	665307
18	665308
18	665309
18	665310
18	665311
18	665312
18	665313
18	665314
18	665315
18	665316
18	665317
18	665318
18	665319
18	665320
18	665321
18	665322
18	665323
18	665324
18	665325
18	665326
18	665327
18	665328
18	665329
18	665330
18	665331
18	665332
18	665333
18	665334
18	665335
18	665336
18	665337
18	665338
18	665339
18	665340
18	665341
18	665342
18	665343
18	665344
18	665345
18	665346
18	665347
18	665348
18	665349
18	665350
18	665351
18	665352
18	665353
18	665354
18	665355
18	665356
18	665357
18	665358
18	665359
18	665360
18	665361
18	665362
18	665363
18	665364
18	665365
18	665366
18	665367
18	665368
18	665369
18	665370
18	665371
18	665372
18	665373
18	665374
18	665375
18	665376
18	665377
18	665378
18	665379
19	1
19	455
19	658
19	1182
19	2317
19	2804
19	2805
19	2806
19	2807
19	2808
19	2809
19	2810
19	2811
19	2812
19	2813
19	2814
19	4563
19	116312
19	239441
19	257217
19	278860
19	651767
19	666764
19	666765
19	666766
19	666767
19	666768
19	666769
19	666770
19	666771
19	666772
19	666773
19	844547
19	1014220
19	1028348
20	1
20	21580
20	21581
20	21582
20	21583
20	665234
20	665235
21	1
21	514
21	1119
21	3423
21	3447
21	134983
21	642336
21	664216
21	666797
21	666798
21	670283
21	714546
22	1
22	59
22	61
22	74
22	78
22	83
22	108
22	121
22	130
22	131
22	142
22	154
22	156
22	195
22	207
22	208
22	210
22	220
22	230
22	269
22	276
22	306
22	311
22	314
22	322
22	338
22	347
22	349
22	363
22	386
22	404
22	432
22	442
22	455
22	470
22	481
22	487
22	492
22	511
22	715
22	727
22	729
22	730
22	733
22	743
22	760
22	790
22	794
22	801
22	802
22	803
22	811
22	823
22	843
22	849
22	858
22	886
22	888
22	927
22	948
22	949
22	952
22	1013
22	1030
22	1039
22	1042
22	1065
22	1102
22	1113
22	1119
22	1144
22	1157
22	1180
22	1233
22	1249
22	1270
22	1456
22	1481
22	1491
22	1557
22	1596
22	1605
22	1625
22	1667
22	1775
22	1887
22	1928
22	1948
22	1953
22	1954
22	1975
22	1987
22	1999
22	2017
22	2019
22	2063
22	2076
22	2086
22	2136
22	2149
22	2183
22	2192
22	2239
22	2248
22	2262
22	2835
22	2845
22	2865
22	2983
22	2985
22	3010
22	3179
22	3199
22	3205
22	3228
22	3305
22	3341
22	3401
22	3447
22	3498
22	3509
22	3527
22	3865
22	3928
22	4417
22	4717
22	4719
22	4761
22	4785
22	4819
22	4824
22	4871
22	4926
22	4941
22	4972
22	5011
22	5060
22	5063
22	5065
22	5094
22	5109
22	5126
22	5132
22	5149
22	5275
22	5342
22	5367
22	5385
22	5445
22	5469
22	5471
22	5476
22	5481
22	5488
22	5495
22	5500
22	5501
22	5502
22	5503
22	5513
22	5524
22	5534
22	5538
22	5539
22	5546
22	5551
22	5554
22	5556
22	5559
22	5566
22	5572
22	5579
22	5582
22	5587
22	5602
22	5606
22	5621
22	5622
22	5627
22	5633
22	5644
22	5650
22	5657
22	5661
22	5674
22	5690
22	5700
22	5720
22	5730
22	5733
22	5737
22	5738
22	5747
22	5749
22	5754
22	5770
22	5787
22	5792
22	5796
22	5814
22	5848
22	5867
22	5906
22	5925
22	5944
22	5948
22	5949
22	5984
22	5993
22	5995
22	6000
22	6001
22	6003
22	6004
22	6006
22	6008
22	6020
22	6040
22	6050
22	6059
22	6068
22	6069
22	6070
22	6079
22	6088
22	6089
22	6090
22	6094
22	6123
22	6126
22	6145
22	6165
22	6166
22	6175
22	6186
22	6197
22	6200
22	6241
22	6245
22	6246
22	6247
22	6250
22	6266
22	6271
22	6280
22	6290
22	6294
22	6301
22	6314
22	6323
22	6330
22	6345
22	6648
22	6657
22	6669
22	6686
22	6715
22	6719
22	6739
22	6742
22	6752
22	6753
22	6754
22	6762
22	6763
22	6816
22	6924
22	6928
22	7061
22	7126
22	7197
22	7217
22	7237
22	7330
22	7335
22	7343
22	7590
22	7731
22	7754
22	7790
22	7798
22	7810
22	7814
22	7840
22	7862
22	8012
22	8084
22	8091
22	8154
22	8303
22	8314
22	8316
22	8336
22	8400
22	8402
22	8469
22	8522
22	8580
22	8637
22	8658
22	8675
22	8717
22	8731
22	8838
22	8868
22	9100
22	9110
22	9116
22	9125
22	9146
22	9193
22	9225
22	9265
22	9296
22	9574
22	9626
22	9652
22	9676
22	9707
22	9817
22	9875
22	9877
22	9904
22	9912
22	9922
22	10278
22	10352
22	10442
22	10459
22	10460
22	10565
22	10626
22	10767
22	10986
22	11176
22	11191
22	11244
22	11443
22	11556
22	11564
22	11587
22	11723
22	11845
22	11853
22	11949
22	12000
22	12037
22	12059
22	12076
22	12247
22	12291
22	12297
22	12307
22	12466
22	12514
22	12661
22	12811
22	12977
22	12980
22	13179
22	13207
22	13209
22	13312
22	13426
22	13520
22	13600
22	13674
22	13679
22	13687
22	13738
22	13762
22	13786
22	13975
22	14068
22	14092
22	14170
22	14267
22	14272
22	14421
22	14512
22	14561
22	14593
22	14621
22	14759
22	14807
22	14854
22	14886
22	15048
22	15132
22	15191
22	15231
22	15395
22	15433
22	15522
22	15786
22	15789
22	15858
22	16061
22	16445
22	16472
22	16484
22	16524
22	16563
22	16597
22	16735
22	16757
22	17086
22	17128
22	17348
22	17405
22	17482
22	17546
22	17565
22	17603
22	17637
22	17824
22	17848
22	17856
22	18054
22	18560
22	18677
22	18764
22	18949
22	18961
22	19113
22	19159
22	19163
22	19169
22	19267
22	19289
22	19308
22	19409
22	19562
22	19647
22	19669
22	19779
22	19798
22	19815
22	19842
22	19934
22	20660
22	20665
22	20699
22	20735
22	21183
22	21194
22	21356
22	21440
22	21557
22	21622
22	21627
22	21784
22	21815
22	21913
22	22073
22	22085
22	22087
22	22105
22	22121
22	22131
22	22180
22	22192
22	22197
22	22231
22	22238
22	22250
22	22283
22	22294
22	22313
22	22626
22	22676
22	22722
22	22728
22	22730
22	22732
22	22746
22	22799
22	22854
22	22875
22	22878
22	22889
22	22923
22	22955
22	23055
22	23103
22	23217
22	23245
22	23268
22	23347
22	23352
22	23386
22	23426
22	23545
22	23614
22	23671
22	23744
22	23782
22	23783
22	23980
22	23990
22	24006
22	24030
22	24046
22	24170
22	24207
22	24216
22	24226
22	24421
22	24503
22	24508
22	24614
22	24659
22	24679
22	24708
22	24794
22	24891
22	24917
22	25084
22	25196
22	25362
22	25364
22	25388
22	25484
22	25537
22	25613
22	25626
22	25684
22	25702
22	25761
22	25841
22	25967
22	25973
22	25998
22	26070
22	26252
22	26343
22	26383
22	26549
22	26625
22	26626
22	26632
22	26659
22	26676
22	26823
22	26926
22	26987
22	27034
22	27218
22	27232
22	27240
22	27269
22	27282
22	27284
22	27306
22	27433
22	27434
22	27439
22	27456
22	27573
22	27604
22	27652
22	27684
22	27733
22	27879
22	27904
22	27977
22	28060
22	28105
22	28163
22	28195
22	28471
22	28585
22	28887
22	29226
22	29677
22	29866
22	29869
22	29880
22	29906
22	29911
22	29927
22	30158
22	30355
22	31254
22	31474
22	31545
22	31570
22	31602
22	32051
22	32162
22	32235
22	32299
22	32350
22	32396
22	32536
22	32842
22	32859
22	32874
22	32879
22	32992
22	33288
22	33297
22	33565
22	33625
22	33892
22	34049
22	34308
22	34469
22	34779
22	35105
22	35514
22	35701
22	36580
22	36589
22	36619
22	36834
22	36898
22	36912
22	36913
22	36935
22	36940
22	37154
22	37211
22	37523
22	37776
22	37916
22	38093
22	38095
22	38098
22	38102
22	38103
22	38104
22	38105
22	38106
22	38109
22	38110
22	38111
22	38112
22	38113
22	38114
22	38121
22	38123
22	38124
22	38125
22	38127
22	38128
22	38130
22	38132
22	38133
22	38134
22	38139
22	38143
22	38145
22	38146
22	38149
22	38150
22	38151
22	38153
22	38154
22	38159
22	38161
22	38162
22	38163
22	38164
22	38165
22	38168
22	38170
22	38174
22	38175
22	38177
22	38179
22	38182
22	38183
22	38186
22	38192
22	38197
22	38199
22	38200
22	38201
22	38202
22	38204
22	38207
22	38208
22	38210
22	38212
22	38213
22	38214
22	38217
22	38218
22	38219
22	38221
22	38223
22	38225
22	38226
22	38228
22	38229
22	38230
22	38231
22	38232
22	38235
22	38236
22	38243
22	38244
22	38245
22	38333
22	38427
22	38432
22	39115
22	39131
22	39206
22	39825
22	40063
22	40451
22	41848
22	41940
22	42132
22	42640
22	42645
22	42679
22	42690
22	42857
22	42865
22	42937
22	42941
22	42960
22	43074
22	43077
22	43094
22	43095
22	43108
22	43112
22	43115
22	43132
22	43142
22	43148
22	43163
22	43177
22	43178
22	43183
22	43221
22	43261
22	43269
22	43283
22	43295
22	43315
22	43327
22	43348
22	43350
22	43351
22	43359
22	43374
22	43388
22	43401
22	43412
22	43416
22	43420
22	43423
22	43428
22	43433
22	43434
22	43467
22	43474
22	43489
22	43490
22	43492
22	43519
22	43545
22	43570
22	43571
22	43599
22	43607
22	43620
22	43652
22	43671
22	43963
22	44064
22	44271
22	44429
22	44504
22	44522
22	44689
22	44766
22	44936
22	45343
22	47174
22	47326
22	47559
22	47731
22	47823
22	48459
22	48479
22	48513
22	48526
22	48532
22	48557
22	48579
22	48587
22	49773
22	50179
22	50231
22	50429
22	50647
22	50657
22	50947
22	51087
22	51128
22	51270
22	51715
22	51748
22	51794
22	51999
22	52025
22	52079
22	52093
22	52235
22	52332
22	53475
22	54360
22	54365
22	54874
22	56830
22	56927
22	57012
22	57534
22	57927
22	58074
22	58171
22	58346
22	59301
22	59370
22	59631
22	59637
22	59641
22	59760
22	59764
22	59784
22	60752
22	60909
22	60932
22	61007
22	61157
22	61395
22	62190
22	62329
22	63022
22	65434
22	66575
22	66614
22	68435
22	68624
22	69087
22	69092
22	69112
22	69137
22	69154
22	69161
22	69164
22	69166
22	69180
22	69185
22	69199
22	69208
22	69239
22	69254
22	69265
22	69268
22	69271
22	69306
22	69315
22	69329
22	69330
22	69340
22	69344
22	69392
22	69409
22	69441
22	69442
22	69446
22	69465
22	69473
22	69513
22	69530
22	69564
22	69573
22	69626
22	69888
22	69903
22	70816
22	70927
22	71580
22	71727
22	71907
22	72174
22	72515
22	72535
22	72823
22	72830
22	72867
22	73411
22	73555
22	73687
22	74147
22	74256
22	74516
22	74856
22	75340
22	76141
22	76419
22	76581
22	77078
22	77132
22	79384
22	80082
22	81238
22	83269
22	83887
22	83918
22	83990
22	86347
22	86834
22	87341
22	87488
22	87769
22	88479
22	89210
22	89211
22	90471
22	90797
22	91146
22	91186
22	91378
22	93134
22	95519
22	96036
22	96306
22	97568
22	97656
22	97660
22	97777
22	97870
22	97878
22	98484
22	99471
22	100179
22	100285
22	100502
22	100920
22	101906
22	102184
22	102569
22	103023
22	104528
22	114261
22	117645
22	121882
22	121903
22	122698
22	123640
22	123648
22	124237
22	124802
22	125943
22	130248
22	130327
22	130735
22	131303
22	131473
22	131962
22	132254
22	132746
22	132892
22	132982
22	134051
22	134472
22	134782
22	136273
22	137299
22	139750
22	148614
22	153101
22	153290
22	153464
22	157075
22	158763
22	161696
22	162711
22	165413
22	166118
22	166192
22	166863
22	166867
22	167017
22	169344
22	169348
22	170200
22	170995
22	171000
22	172240
22	172331
22	172600
22	173152
22	176495
22	176623
22	176861
22	177708
22	177823
22	178428
22	178482
22	178613
22	179339
22	179342
22	179706
22	181309
22	181848
22	181857
22	183008
22	184040
22	184202
22	185703
22	185768
22	185864
22	186343
22	187070
22	188487
22	188715
22	188963
22	190357
22	190812
22	191183
22	191945
22	192990
22	194223
22	195652
22	196167
22	196433
22	197820
22	198642
22	199209
22	199634
22	200028
22	200034
22	201453
22	202010
22	202161
22	202430
22	202544
22	204389
22	205011
22	205520
22	205963
22	206212
22	206642
22	207922
22	208114
22	208473
22	208611
22	208870
22	210555
22	211290
22	211454
22	212062
22	214043
22	214435
22	214466
22	214478
22	214479
22	215171
22	216960
22	217197
22	218551
22	219952
22	220437
22	220972
22	221220
22	221759
22	222292
22	223416
22	223909
22	225150
22	225217
22	226729
22	227361
22	227487
22	227933
22	229612
22	229784
22	230513
22	230573
22	230590
22	233875
22	234886
22	237649
22	238017
22	238732
22	238930
22	242473
22	243146
22	243922
22	244960
22	245477
22	245526
22	245813
22	246046
22	248685
22	251013
22	253446
22	254035
22	255321
22	256565
22	258798
22	259623
22	260390
22	262995
22	263106
22	264216
22	265025
22	265199
22	265224
22	268293
22	268372
22	268997
22	270253
22	270917
22	273306
22	274660
22	274841
22	276182
22	278912
22	279327
22	279499
22	279660
22	280285
22	283395
22	283868
22	284664
22	285217
22	285751
22	286571
22	293156
22	297142
22	297924
22	302096
22	302767
22	302872
22	303002
22	303660
22	304060
22	304076
22	306048
22	307661
22	311170
22	313482
22	313547
22	313681
22	317408
22	319279
22	319696
22	322019
22	323505
22	324265
22	325339
22	325471
22	327236
22	328145
22	330516
22	333057
22	337247
22	337332
22	340007
22	340345
22	343050
22	344500
22	347830
22	347858
22	348624
22	350109
22	351374
22	352322
22	352907
22	353093
22	354255
22	354422
22	354832
22	356653
22	356975
22	359706
22	360548
22	364341
22	365596
22	366931
22	380855
22	380927
22	381435
22	381789
22	385502
22	387003
22	388559
22	390972
22	396241
22	398872
22	401337
22	401670
22	403342
22	405736
22	408192
22	409561
22	412533
22	413732
22	415988
22	417255
22	425178
22	429087
22	430884
22	432535
22	434648
22	436918
22	437559
22	440181
22	444389
22	446520
22	450967
22	462953
22	463152
22	464045
22	465278
22	473794
22	474145
22	475721
22	476528
22	479203
22	480025
22	481702
22	482709
22	485284
22	488600
22	489843
22	491641
22	491821
22	491998
22	494828
22	494959
22	495098
22	495802
22	503627
22	503962
22	508175
22	513393
22	518468
22	518957
22	519199
22	519939
22	520040
22	520160
22	522255
22	525469
22	525757
22	528711
22	529901
22	531803
22	534177
22	536920
22	537739
22	542761
22	543329
22	549923
22	550027
22	550044
22	553722
22	554425
22	554584
22	556556
22	557481
22	558819
22	561150
22	564467
22	565511
22	568258
22	573085
22	589518
22	598194
22	598824
22	602382
22	602837
22	604149
22	613669
22	625663
22	626256
22	630920
22	634270
22	642333
22	645787
22	647034
22	650293
22	651335
22	652427
22	655500
22	655530
22	655744
22	655798
22	656569
22	658631
22	662892
22	663565
22	663573
22	663585
22	663607
22	663619
22	663641
22	663823
22	663852
22	663871
22	664068
22	664111
22	664182
22	664268
22	664325
22	664490
22	664539
22	664608
22	664632
22	664789
22	664793
22	665203
22	665749
22	666002
22	666050
22	666212
22	666214
22	666220
22	666225
22	666227
22	666229
22	666233
22	666236
22	666237
22	666239
22	666254
22	666256
22	666259
22	666264
22	666721
22	666776
22	666893
22	667120
22	667885
22	667921
22	667992
22	668792
22	669238
22	669739
22	669970
22	670128
22	670544
22	670826
22	671311
22	671554
22	671661
22	672424
22	672498
22	672925
22	672926
22	672927
22	672928
22	672929
22	672931
22	672932
22	672933
22	672935
22	672936
22	672937
22	672940
22	672941
22	672942
22	672943
22	672945
22	672946
22	672949
22	672950
22	672951
22	672952
22	672953
22	672955
22	672956
22	672958
22	672959
22	672961
22	672962
22	672963
22	672964
22	672966
22	672967
22	672970
22	672972
22	672974
22	672975
22	672976
22	672977
22	672979
22	672980
22	672981
22	672982
22	672984
22	672985
22	672987
22	672988
22	672990
22	672991
22	672992
22	672993
22	672994
22	672995
22	672997
22	672998
22	672999
22	673000
22	673001
22	673002
22	673004
22	673005
22	673007
22	673010
22	673011
22	673013
22	673014
22	673015
22	673018
22	673019
22	673020
22	673021
22	673022
22	673023
22	673024
22	673025
22	673026
22	673027
22	673029
22	673032
22	673033
22	673034
22	673035
22	673036
22	673037
22	673040
22	673043
22	673044
22	673046
22	673048
22	673049
22	673050
22	673051
22	673053
22	673054
22	673055
22	673056
22	673058
22	673059
22	673060
22	673062
22	673063
22	673065
22	673067
22	673069
22	673070
22	673071
22	673072
22	673073
22	673074
22	673075
22	673077
22	673078
22	673079
22	673080
22	673081
22	673082
22	673083
22	673085
22	673088
22	673089
22	673090
22	673091
22	673092
22	673093
22	673094
22	673095
22	673096
22	673099
22	673101
22	673103
22	673104
22	673105
22	673108
22	673110
22	673111
22	673113
22	673114
22	673115
22	673116
22	673117
22	673118
22	673120
22	673122
22	673124
22	673126
22	673127
22	673130
22	673131
22	673132
22	673133
22	673136
22	673138
22	673140
22	673141
22	673143
22	673144
22	673145
22	673147
22	673148
22	673151
22	673153
22	673154
22	673155
22	673156
22	673157
22	673158
22	673160
22	673161
22	673162
22	673163
22	673164
22	673165
22	673166
22	673167
22	673168
22	673169
22	673170
22	673171
22	673172
22	673173
22	673174
22	673175
22	673176
22	673180
22	673181
22	673183
22	673186
22	673187
22	673189
22	673190
22	673191
22	673193
22	673194
22	673195
22	673197
22	673198
22	673200
22	673201
22	673203
22	673204
22	673207
22	673208
22	673209
22	673210
22	673211
22	673212
22	673213
22	673214
22	673215
22	673216
22	673218
22	673220
22	673222
22	673223
22	673224
22	673226
22	673228
22	673230
22	673234
22	673236
22	673237
22	673238
22	673239
22	673241
22	673242
22	673244
22	673245
22	673247
22	673251
22	673253
22	673254
22	673255
22	673256
22	673257
22	673258
22	673262
22	673264
22	673265
22	673266
22	673270
22	673273
22	673274
22	673275
22	673276
22	673278
22	673279
22	673280
22	673282
22	673283
22	673286
22	673287
22	673289
22	673290
22	673291
22	673292
22	673293
22	673294
22	673299
22	673300
22	673302
22	673303
22	673305
22	673308
22	673309
22	673310
22	673312
22	673314
22	673316
22	673317
22	673318
22	673319
22	673321
22	673322
22	673323
22	673324
22	673326
22	673327
22	673329
22	673331
22	673334
22	673335
22	673336
22	673337
22	673339
22	673342
22	673343
22	673344
22	673346
22	673349
22	673351
22	673353
22	673354
22	673355
22	673356
22	673357
22	673358
22	673360
22	673361
22	673363
22	673365
22	673366
22	673367
22	673368
22	673369
22	673371
22	673372
22	673373
22	673374
22	673375
22	673377
22	673378
22	673379
22	673380
22	673382
22	673383
22	673384
22	673386
22	673387
22	673388
22	673389
22	673390
22	673391
22	673392
22	673393
22	673394
22	673396
22	673397
22	673398
22	673399
22	673400
22	673401
22	673403
22	673404
22	673405
22	673406
22	673407
22	673409
22	673410
22	673411
22	673412
22	673414
22	673415
22	673416
22	673418
22	673419
22	673420
22	673422
22	673423
22	673424
22	673426
22	673431
22	673434
22	673437
22	673439
22	673440
22	673441
22	673442
22	673443
22	673446
22	673447
22	673450
22	673451
22	673453
22	673454
22	673455
22	673457
22	673459
22	673461
22	673462
22	673463
22	673466
22	673468
22	673470
22	673471
22	673473
22	673474
22	673475
22	673476
22	673477
22	673478
22	673479
22	673480
22	673482
22	673483
22	673484
22	673485
22	673486
22	673487
22	673488
22	673489
22	673490
22	673491
22	673493
22	673494
22	673495
22	673496
22	673497
22	673498
22	673499
22	673500
22	673501
22	673502
22	673503
22	673504
22	673505
22	673506
22	673508
22	673509
22	673510
22	673511
22	673512
22	673514
22	673515
22	673516
22	673517
22	673518
22	673519
22	673520
22	673521
22	673522
22	673523
22	673524
22	673525
22	673526
22	673527
22	673528
22	673529
22	673530
22	673531
22	673532
22	673533
22	673534
22	673535
22	673537
22	673538
22	673539
22	673540
22	673541
22	673542
22	673543
22	673544
22	673545
22	673546
22	673547
22	673548
22	673549
22	673550
22	673551
22	673552
22	673553
22	673554
22	673555
22	673561
22	673562
22	673564
22	673566
22	673567
22	673568
22	673569
22	673571
22	673572
22	673573
22	673574
22	673575
22	673577
22	673579
22	673580
22	673581
22	673582
22	673583
22	673585
22	673586
22	673587
22	673588
22	673589
22	673590
22	673591
22	673592
22	673593
22	673594
22	673595
22	673596
22	673598
22	673599
22	673600
22	673601
22	673603
22	673604
22	673605
22	673606
22	673607
22	673608
22	673609
22	673610
22	673611
22	673612
22	673613
22	673615
22	673616
22	673617
22	673619
22	673620
22	673621
22	673622
22	673623
22	673624
22	673625
22	673626
22	673627
22	673628
22	673629
22	673631
22	673633
22	673634
22	673635
22	673636
22	673638
22	673639
22	673640
22	673641
22	673642
22	673643
22	673644
22	673645
22	673646
22	673647
22	673649
22	673650
22	673651
22	673652
22	673653
22	673655
22	673657
22	673658
22	673659
22	673660
22	673661
22	673662
22	673663
22	673664
22	673666
22	673667
22	673668
22	673669
22	673670
22	673671
22	673672
22	673673
22	673674
22	673675
22	673676
22	673677
22	673678
22	673679
22	673680
22	673682
22	673684
22	673685
22	673686
22	673687
22	673688
22	673689
22	673690
22	673691
22	673693
22	673694
22	673696
22	673697
22	673699
22	673700
22	673701
22	673702
22	673703
22	673704
22	673705
22	673706
22	673707
22	673708
22	673709
22	673710
22	673711
22	673712
22	673713
22	673714
22	673715
22	673716
22	673717
22	673718
22	673719
22	673720
22	673721
22	673722
22	673723
22	673724
22	673725
22	673726
22	673727
22	673728
22	673729
22	673730
22	673731
22	673732
22	673733
22	673734
22	673735
22	673736
22	673737
22	673738
22	673739
22	673740
22	673741
22	676909
22	680694
22	720749
22	846134
22	895251
22	914138
22	1018396
22	1019305
22	1034018
22	1067299
22	1105821
22	1125471
22	1130534
23	18
23	106
23	363
23	803
23	4463
23	663931
24	18
24	1766
24	1767
24	1768
24	1769
24	1770
24	1771
24	96749
24	666626
25	18
25	363
25	384
25	480
25	3478
25	4454
25	4455
25	4456
25	4457
25	131881
25	422335
26	18
26	28
26	49
26	101
26	311
26	643
26	882
26	928
26	1013
26	1141
26	1142
26	1150
26	1151
26	1168
26	1800
26	1821
26	1871
26	1891
26	1975
26	2182
26	3156
26	3516
26	3549
26	3550
26	3552
26	4444
26	5054
26	5073
26	5447
26	5926
26	5936
26	6370
26	6371
26	6372
26	6373
26	6374
26	6375
26	6376
26	6377
26	6378
26	6379
26	6380
26	6381
26	6382
26	6383
26	6384
26	6385
26	6386
26	6387
26	6388
26	6389
26	6390
26	6391
26	6392
26	6393
26	6394
26	6395
26	6396
26	6397
26	6398
26	6399
26	6400
26	6401
26	6402
26	6403
26	6404
26	6405
26	6406
26	6407
26	6408
26	6409
26	6410
26	6411
26	6412
26	6413
26	6414
26	6415
26	6416
26	6417
26	6418
26	6419
26	6420
26	6421
26	6422
26	6423
26	6424
26	6425
26	6426
26	6427
26	6428
26	6429
26	6430
26	6431
26	6432
26	6433
26	6434
26	6435
26	6436
26	6437
26	6438
26	6439
26	6440
26	6441
26	6442
26	6443
26	6444
26	6445
26	6446
26	6447
26	6448
26	6449
26	6450
26	6451
26	6452
26	6453
26	6454
26	6455
26	6456
26	6457
26	6458
26	6459
26	6460
26	6461
26	6462
26	6463
26	6464
26	6465
26	6466
26	6467
26	6468
26	6469
26	6470
26	6471
26	6472
26	6473
26	6474
26	6475
26	6476
26	6477
26	6478
26	6479
26	6480
26	6481
26	6482
26	6483
26	6484
26	6485
26	6486
26	6487
26	6488
26	6489
26	6490
26	6491
26	6492
26	6493
26	6494
26	6495
26	6496
26	6497
26	6498
26	6499
26	6500
26	6501
26	6502
26	6503
26	6504
26	6505
26	6506
26	6507
26	6508
26	6509
26	6510
26	6511
26	6512
26	6513
26	6514
26	6515
26	6516
26	6517
26	6518
26	6519
26	6520
26	6521
26	15578
26	18055
26	20179
26	20406
26	20492
26	20721
26	20829
26	21245
26	21769
26	30127
26	32917
26	33575
26	33626
26	37612
26	44936
26	63830
26	77495
26	92997
26	96568
26	100949
26	124731
26	177069
26	178428
26	187670
26	188937
26	208124
26	212052
26	212207
26	280053
26	366221
26	406142
26	521931
26	642382
26	663715
26	663723
26	663833
26	665845
26	665846
26	665847
26	665848
26	665849
26	665850
26	665851
26	665852
26	665853
26	665854
26	665855
26	665856
26	665857
26	665858
26	665859
26	665860
26	665861
26	665862
26	665863
26	665864
26	665865
26	665866
26	665867
26	666653
26	667116
26	667737
26	681039
26	733112
26	949784
26	1043846
27	18
27	363
27	727
27	743
27	793
27	1072
27	1764
27	3017
27	3018
27	3019
27	3020
27	3021
27	3022
27	3023
27	3024
27	3025
27	3026
27	3027
27	3028
27	3029
27	3030
27	3031
27	3032
27	3033
27	3034
27	3035
27	3036
27	3037
27	3038
27	3039
27	3040
27	3041
27	3042
27	3043
27	3044
27	3045
27	3046
27	3047
27	3048
27	3049
27	3050
27	3051
27	3052
27	3053
27	3054
27	3055
27	3056
27	3057
27	3058
27	3059
27	3060
27	3061
27	3062
27	3063
27	3064
27	3065
27	3066
27	3067
27	3068
27	3069
27	3070
27	3071
27	3072
27	3073
27	3074
27	3075
27	3076
27	3077
27	3078
27	3079
27	3080
27	3081
27	103844
27	123443
27	146803
27	205634
27	401670
27	830166
28	18
28	26
28	42
28	49
28	78
28	101
28	154
28	363
28	593
28	643
28	848
28	875
28	905
28	1037
28	1122
28	1125
28	1128
28	1129
28	1130
28	1131
28	1132
28	1133
28	1134
28	1135
28	1136
28	1137
28	1138
28	1139
28	1140
28	1141
28	1142
28	1143
28	1144
28	1145
28	1146
28	1148
28	1149
28	1150
28	1151
28	1152
28	1153
28	1154
28	1155
28	1156
28	1157
28	1159
28	1160
28	1161
28	1162
28	1164
28	1165
28	1166
28	1169
28	1170
28	1172
28	1779
28	1835
28	1907
28	1945
28	2057
28	2094
28	2153
28	2154
28	2155
28	2156
28	2157
28	2158
28	2159
28	2160
28	2161
28	2162
28	2163
28	2164
28	2165
28	2166
28	2167
28	2168
28	2169
28	2170
28	2171
28	2172
28	2173
28	2174
28	2175
28	2176
28	2177
28	2178
28	2179
28	2180
28	2181
28	2182
28	2183
28	2184
28	2185
28	2186
28	2187
28	2188
28	2189
28	2190
28	2191
28	2192
28	2193
28	2194
28	2195
28	2196
28	2197
28	2198
28	2199
28	2200
28	2201
28	2202
28	2203
28	2204
28	2205
28	2206
28	2207
28	2208
28	2209
28	2210
28	2211
28	2212
28	2213
28	2214
28	2215
28	2216
28	2217
28	2218
28	2219
28	2220
28	2221
28	2222
28	2223
28	2224
28	2225
28	2226
28	2227
28	2228
28	2229
28	2230
28	2231
28	2232
28	2233
28	5447
28	6676
28	8690
28	18623
28	43810
28	63876
28	67450
28	96360
28	102794
28	118105
28	372814
28	395030
28	663626
28	663725
28	663728
28	663788
28	667775
28	667776
28	668840
28	668841
28	668842
28	668843
28	668844
28	668845
29	18
29	3372
29	482709
29	663606
29	663719
29	663931
29	1120389
30	18
30	5246
32	18
32	45
32	91
32	106
32	249
32	363
32	385
32	388
32	452
32	512
32	517
32	688
32	730
32	743
32	745
32	941
32	967
32	1274
32	2235
32	2252
32	2983
32	3482
32	4460
32	5038
32	6005
32	6086
32	7348
32	8840
32	8852
32	11710
32	15437
32	17405
32	19584
32	23318
32	25338
32	26969
32	27890
32	28504
32	28505
32	28506
32	28507
32	32554
32	39290
32	44615
32	45263
32	51882
32	60771
32	60779
32	60811
32	96437
32	251219
32	639586
32	644988
32	651129
32	651133
32	658672
32	663531
32	663532
32	663533
32	663534
32	663535
32	663536
32	663537
32	663538
32	663539
32	663540
32	663541
32	663542
32	663543
32	663544
32	663545
32	663560
32	663931
32	665423
32	665990
32	668538
33	18
33	1013
33	1072
33	1271
33	1333
33	1490
33	1846
33	2278
33	2279
33	2280
33	2281
33	2282
33	2283
33	2284
33	2285
33	2286
33	2287
33	2288
33	2289
33	2290
33	2291
33	2292
33	2293
33	2294
33	2295
33	2296
33	2297
33	2298
33	2299
33	2300
33	2301
33	2302
33	2303
33	2304
33	2305
33	2306
33	2307
33	2308
33	2309
33	2310
33	2311
33	2312
33	2313
33	2314
33	2315
33	2316
33	2317
33	2318
33	2319
33	2320
33	2321
33	2322
33	2323
33	2324
33	2325
33	2326
33	2327
33	2328
33	2329
33	2330
33	2331
33	2332
33	2333
33	2334
33	2335
33	2336
33	2337
33	2338
33	2339
33	2340
33	2341
33	2342
33	2343
33	2344
33	2345
33	2346
33	2347
33	2348
33	2349
33	2350
33	2351
33	2352
33	2353
33	2354
33	2355
33	2356
33	2357
33	2358
33	2359
33	2360
33	2361
33	2362
33	2363
33	2364
33	2365
33	2366
33	2367
33	2368
33	2369
33	2370
33	2371
33	2372
33	2373
33	2374
33	2375
33	2376
33	2377
33	2378
33	2379
33	2380
33	2381
33	2382
33	2383
33	2384
33	2385
33	2386
33	2387
33	2388
33	2389
33	2390
33	2391
33	2392
33	2393
33	2394
33	2395
33	2396
33	2397
33	2398
33	2399
33	2400
33	2401
33	2402
33	2403
33	2404
33	2405
33	2406
33	2407
33	2408
33	2409
33	2410
33	2411
33	2412
33	2413
33	2414
33	2415
33	2416
33	2417
33	2418
33	2419
33	2420
33	2421
33	2422
33	2423
33	2424
33	2425
33	2426
33	2427
33	2428
33	2429
33	2430
33	2431
33	2432
33	2433
33	2434
33	2435
33	2436
33	2437
33	2438
33	2439
33	2440
33	2441
33	2442
33	2443
33	2444
33	2445
33	2446
33	2447
33	2448
33	2449
33	2450
33	2451
33	2452
33	2453
33	2454
33	2455
33	2456
33	2457
33	2458
33	2459
33	2460
33	2461
33	2462
33	2463
33	2464
33	2465
33	2466
33	2467
33	2468
33	2469
33	2470
33	2471
33	2472
33	2473
33	2474
33	2475
33	2476
33	2477
33	2478
33	2479
33	2480
33	2481
33	2482
33	2483
33	2484
33	2485
33	2486
33	2487
33	2488
33	2489
33	2490
33	2491
33	2492
33	2493
33	2494
33	2495
33	2496
33	2497
33	2498
33	2499
33	2500
33	2501
33	2502
33	2503
33	2504
33	2505
33	2506
33	2507
33	2508
33	2509
33	2510
33	2511
33	2512
33	2513
33	2514
33	2515
33	2516
33	2517
33	2518
33	2519
33	2520
33	2521
33	2522
33	2523
33	2524
33	2525
33	2526
33	2527
33	2528
33	2529
33	2530
33	2531
33	2532
33	2533
33	2534
33	2535
33	2536
33	2537
33	2538
33	2539
33	2540
33	2541
33	2542
33	2543
33	2544
33	2545
33	2546
33	2547
33	2548
33	2549
33	2550
33	2551
33	2552
33	2553
33	2554
33	2555
33	2556
33	2557
33	2558
33	2559
33	2560
33	2561
33	2562
33	2563
33	2564
33	2565
33	2566
33	2567
33	2568
33	2569
33	2570
33	2571
33	2572
33	2573
33	2574
33	2575
33	2576
33	2577
33	2578
33	2579
33	2580
33	2581
33	2582
33	2583
33	2584
33	2585
33	2586
33	2587
33	2588
33	2589
33	2590
33	2591
33	2592
33	2593
33	2594
33	2595
33	2596
33	2597
33	2598
33	2599
33	2600
33	2601
33	2602
33	2603
33	2604
33	2605
33	2606
33	2607
33	2608
33	2609
33	2610
33	2611
33	2612
33	2613
33	2614
33	2615
33	2616
33	2617
33	2618
33	2619
33	2620
33	2621
33	2622
33	2623
33	2624
33	2625
33	2626
33	2627
33	2628
33	2629
33	2630
33	2631
33	2632
33	2633
33	2634
33	2635
33	2636
33	2637
33	2638
33	2639
33	2640
33	2641
33	2642
33	2643
33	2644
33	2645
33	2646
33	2647
33	2648
33	2649
33	2650
33	2651
33	2652
33	2653
33	2654
33	2655
33	2656
33	2657
33	2658
33	2659
33	2660
33	2661
33	2662
33	2663
33	2664
33	2665
33	2666
33	2667
33	2668
33	2669
33	2670
33	2671
33	2672
33	2673
33	2674
33	2675
33	2676
33	2677
33	2678
33	2679
33	2680
33	2681
33	2682
33	2683
33	2684
33	2685
33	2686
33	2687
33	2688
33	2689
33	2690
33	2691
33	2692
33	2693
33	2694
33	2695
33	2696
33	2697
33	2698
33	2699
33	2700
33	2701
33	2702
33	2703
33	2704
33	2705
33	2706
33	2707
33	2708
33	2709
33	2710
33	2711
33	2712
33	2713
33	2714
33	2715
33	2716
33	2717
33	2718
33	2719
33	2720
33	2721
33	2722
33	2723
33	2724
33	2725
33	2726
33	2727
33	2728
33	2729
33	2730
33	2731
33	2732
33	2733
33	2734
33	2735
33	2736
33	2737
33	2738
33	2739
33	2740
33	2741
33	2742
33	2743
33	2744
33	2745
33	2746
33	2747
33	2748
33	2749
33	2750
33	2751
33	2752
33	2753
33	2754
33	2755
33	2756
33	2757
33	2758
33	2759
33	2760
33	2761
33	2762
33	2763
33	2764
33	2765
33	2766
33	2767
33	2768
33	2769
33	2770
33	2771
33	2772
33	2773
33	2774
33	2775
33	2776
33	2777
33	2778
33	2779
33	2780
33	2781
33	2782
33	2783
33	2784
33	2785
33	2786
33	2787
33	2788
33	2789
33	2790
33	2791
33	2792
33	2793
33	2794
33	2795
33	2796
33	2797
33	2798
33	2799
33	2800
33	2801
33	2802
33	4562
33	4566
33	4608
33	7916
33	23902
33	24206
33	44006
33	61544
33	65538
33	77270
33	77753
33	77967
33	78814
33	104099
33	104360
33	104370
33	104374
33	105314
33	105348
33	105542
33	105662
33	105750
33	105786
33	105828
33	106108
33	106408
33	106478
33	106497
33	106551
33	106597
33	106608
33	108007
33	108319
33	108332
33	108402
33	108568
33	108943
33	109031
33	109189
33	109465
33	109548
33	109642
33	109875
33	110138
33	111577
33	111599
33	111683
33	111794
33	111916
33	111945
33	111962
33	112040
33	112076
33	112225
33	112560
33	114611
33	114922
33	116117
33	116211
33	128260
33	133676
33	135849
33	154164
33	228976
33	253098
33	403183
33	514742
33	593466
33	663626
33	670093
33	670094
33	670095
33	670096
33	670097
33	670098
33	670099
33	670100
33	670101
33	670102
34	18
34	43
34	45
34	59
34	84
34	124
34	134
34	155
34	341
34	363
34	384
34	404
34	530
34	691
34	776
34	811
34	813
34	832
34	882
34	884
34	886
34	903
34	920
34	967
34	1042
34	1060
34	1064
34	1070
34	1250
34	1259
34	1283
34	1312
34	1385
34	1491
34	1529
34	1709
34	1888
34	1961
34	1969
34	2074
34	2235
34	2244
34	2245
34	2509
34	2733
34	2826
34	2869
34	2963
34	3009
34	3026
34	3100
34	3120
34	3157
34	3161
34	3228
34	3359
34	3364
34	3371
34	3380
34	3451
34	3458
34	3492
34	3566
34	3567
34	3568
34	3569
34	3570
34	3571
34	3572
34	3573
34	3574
34	3575
34	3576
34	3577
34	3578
34	3579
34	3580
34	3581
34	3582
34	3583
34	3584
34	3585
34	3586
34	3587
34	3588
34	3589
34	3590
34	3591
34	3592
34	3593
34	3594
34	3595
34	3596
34	3597
34	3598
34	3599
34	3600
34	3601
34	3602
34	3603
34	3604
34	3605
34	3606
34	3607
34	3608
34	3609
34	3610
34	3611
34	3612
34	3613
34	3614
34	3615
34	3616
34	3617
34	3618
34	3619
34	3620
34	3621
34	3622
34	3623
34	3624
34	3625
34	3626
34	3627
34	3628
34	3629
34	3630
34	3631
34	3632
34	3633
34	3634
34	3635
34	3636
34	3637
34	3638
34	3639
34	3640
34	3641
34	3642
34	3643
34	3644
34	3645
34	3646
34	3647
34	3648
34	3649
34	3650
34	3651
34	3652
34	3653
34	3654
34	3655
34	3656
34	3657
34	3658
34	3659
34	3660
34	3661
34	3662
34	3663
34	3664
34	3665
34	3666
34	3667
34	3668
34	3669
34	3670
34	3671
34	3672
34	3673
34	3674
34	3675
34	3676
34	3677
34	3678
34	3679
34	3680
34	3681
34	3682
34	3683
34	3684
34	3685
34	3686
34	3687
34	3688
34	3689
34	3690
34	3691
34	3692
34	3693
34	3694
34	3695
34	3696
34	3697
34	3698
34	3699
34	3700
34	3701
34	3702
34	3703
34	3704
34	3705
34	3706
34	3707
34	3708
34	3709
34	3710
34	3711
34	3712
34	3713
34	3714
34	3715
34	3716
34	3717
34	3718
34	3719
34	3720
34	3721
34	3722
34	3723
34	3724
34	3725
34	3726
34	3727
34	3728
34	3729
34	3730
34	3731
34	3732
34	3733
34	3734
34	3735
34	3736
34	3737
34	3738
34	3739
34	3740
34	3741
34	3742
34	3743
34	3744
34	3745
34	3746
34	3747
34	3748
34	3749
34	3750
34	3751
34	3752
34	3753
34	3754
34	3755
34	3756
34	3757
34	3758
34	3759
34	3760
34	3761
34	3762
34	3763
34	3764
34	3765
34	3766
34	3767
34	3768
34	3769
34	3770
34	3771
34	3772
34	3773
34	3774
34	3775
34	3776
34	3777
34	3778
34	3779
34	3780
34	3781
34	3782
34	3783
34	3784
34	3785
34	3786
34	3787
34	3788
34	3789
34	3790
34	3791
34	3792
34	3793
34	3794
34	3795
34	3796
34	3797
34	3798
34	3799
34	3800
34	3801
34	3802
34	3803
34	3804
34	3805
34	3806
34	3807
34	3808
34	3809
34	3810
34	3811
34	3812
34	3813
34	3814
34	3815
34	3816
34	3817
34	3818
34	3819
34	3820
34	3821
34	3822
34	3823
34	3824
34	3825
34	3826
34	3827
34	3828
34	3829
34	3830
34	3831
34	3832
34	3833
34	3834
34	3835
34	3836
34	3837
34	3838
34	3839
34	3840
34	3841
34	3842
34	3843
34	3844
34	3845
34	3846
34	3847
34	3848
34	3849
34	3850
34	3851
34	3852
34	3853
34	3854
34	3855
34	3856
34	3857
34	3858
34	3859
34	3860
34	3861
34	3862
34	3863
34	3864
34	3865
34	3866
34	3867
34	3868
34	3869
34	3870
34	3871
34	3872
34	3873
34	3874
34	3875
34	3876
34	3877
34	3878
34	3879
34	3880
34	3881
34	3882
34	3883
34	3884
34	3885
34	3886
34	3887
34	3888
34	3889
34	3890
34	3891
34	3892
34	3893
34	3894
34	3895
34	3896
34	3897
34	3898
34	3899
34	3900
34	3901
34	3902
34	3903
34	3904
34	3905
34	3906
34	3907
34	3908
34	3909
34	3910
34	3911
34	3912
34	3913
34	3914
34	3915
34	3916
34	3917
34	3918
34	3919
34	3920
34	3921
34	3922
34	3923
34	3924
34	3925
34	3926
34	3927
34	3928
34	3929
34	3930
34	3931
34	3932
34	3933
34	3934
34	3935
34	3936
34	3937
34	3938
34	3939
34	3940
34	3941
34	3942
34	3943
34	3944
34	3945
34	3946
34	3947
34	3948
34	3949
34	3950
34	3951
34	3952
34	3953
34	3954
34	3955
34	3956
34	3957
34	3958
34	3959
34	3960
34	3961
34	3962
34	3963
34	3964
34	3965
34	3966
34	3967
34	3968
34	3969
34	3970
34	3971
34	3972
34	3973
34	3974
34	3975
34	3976
34	3977
34	3978
34	3979
34	3980
34	3981
34	3982
34	3983
34	3984
34	3985
34	3986
34	3987
34	3988
34	3989
34	3990
34	3991
34	3992
34	3993
34	3994
34	3995
34	3996
34	3997
34	3998
34	3999
34	4000
34	4001
34	4002
34	4003
34	4004
34	4005
34	4006
34	4007
34	4008
34	4009
34	4010
34	4011
34	4012
34	4013
34	4014
34	4015
34	4016
34	4017
34	4018
34	4019
34	4020
34	4021
34	4022
34	4023
34	4024
34	4025
34	4026
34	4027
34	4028
34	4029
34	4030
34	4031
34	4032
34	4033
34	4034
34	4035
34	4036
34	4037
34	4038
34	4039
34	4040
34	4041
34	4042
34	4043
34	4044
34	4045
34	4046
34	4047
34	4048
34	4049
34	4050
34	4051
34	4052
34	4053
34	4054
34	4055
34	4056
34	4057
34	4058
34	4059
34	4060
34	4061
34	4062
34	4063
34	4064
34	4065
34	4066
34	4067
34	4068
34	4069
34	4070
34	4071
34	4072
34	4073
34	4074
34	4075
34	4076
34	4077
34	4078
34	4079
34	4080
34	4081
34	4082
34	4083
34	4084
34	4085
34	4086
34	4087
34	4088
34	4089
34	4090
34	4091
34	4092
34	4093
34	4094
34	4095
34	4096
34	4097
34	4098
34	4099
34	4100
34	4101
34	4102
34	4103
34	4104
34	4105
34	4106
34	4107
34	4108
34	4109
34	4110
34	4111
34	4112
34	4113
34	4114
34	4115
34	4116
34	4117
34	4118
34	4119
34	4120
34	4121
34	4122
34	4123
34	4124
34	4125
34	4126
34	4127
34	4128
34	4129
34	4130
34	4131
34	4132
34	4133
34	4134
34	4135
34	4136
34	4137
34	4138
34	4139
34	4140
34	4141
34	4142
34	4143
34	4144
34	4145
34	4146
34	4147
34	4148
34	4149
34	4150
34	4151
34	4152
34	4153
34	4154
34	4155
34	4156
34	4157
34	4158
34	4159
34	4160
34	4161
34	4162
34	4163
34	4164
34	4165
34	4166
34	4167
34	4168
34	4169
34	4170
34	4171
34	4172
34	4173
34	4174
34	4175
34	4176
34	4177
34	4178
34	4179
34	4180
34	4181
34	4182
34	4183
34	4184
34	4185
34	4186
34	4187
34	4188
34	4189
34	4190
34	4191
34	4192
34	4193
34	4194
34	4195
34	4196
34	4197
34	4198
34	4199
34	4200
34	4201
34	4202
34	4203
34	4204
34	4205
34	4206
34	4207
34	4208
34	4209
34	4210
34	4211
34	4212
34	4213
34	4214
34	4215
34	4216
34	4217
34	4218
34	4219
34	4220
34	4221
34	4222
34	4223
34	4224
34	4225
34	4226
34	4227
34	4228
34	4229
34	4230
34	4231
34	4232
34	4233
34	4234
34	4235
34	4236
34	4237
34	4238
34	4239
34	4240
34	4241
34	4242
34	4243
34	4244
34	4245
34	4246
34	4247
34	4248
34	4249
34	4250
34	4251
34	4252
34	4253
34	4254
34	4255
34	4256
34	4257
34	4258
34	4259
34	4260
34	4261
34	4262
34	4263
34	4264
34	4265
34	4266
34	4267
34	4268
34	4269
34	4270
34	4271
34	4272
34	4273
34	4274
34	4275
34	4276
34	4277
34	4278
34	4279
34	4280
34	4281
34	4282
34	4283
34	4284
34	4285
34	4286
34	4287
34	4288
34	4289
34	4290
34	4291
34	4292
34	4293
34	4294
34	4295
34	4296
34	4297
34	4298
34	4299
34	4300
34	4301
34	4302
34	4303
34	4304
34	4305
34	4306
34	4307
34	4308
34	4309
34	4310
34	4311
34	4312
34	4313
34	4314
34	4315
34	4316
34	4317
34	4318
34	4319
34	4320
34	4321
34	4322
34	4323
34	4324
34	4325
34	4326
34	4327
34	4328
34	4329
34	4330
34	4331
34	4332
34	4333
34	4334
34	4335
34	4336
34	4337
34	4338
34	4339
34	4340
34	4341
34	4342
34	4343
34	4344
34	4345
34	4346
34	4347
34	4348
34	4349
34	4350
34	4351
34	4352
34	4353
34	4354
34	4355
34	4356
34	4357
34	4358
34	4359
34	4360
34	4361
34	4362
34	4363
34	4364
34	4365
34	4366
34	4367
34	4368
34	4369
34	4370
34	4371
34	4372
34	4373
34	4374
34	4375
34	4376
34	4377
34	4378
34	4379
34	4380
34	4381
34	4382
34	4383
34	4384
34	4385
34	4386
34	4387
34	4388
34	4389
34	4390
34	4391
34	4392
34	4393
34	4394
34	4395
34	4736
34	4802
34	4814
34	4849
34	4853
34	4857
34	4861
34	4869
34	4903
34	4936
34	4947
34	4959
34	4987
34	5001
34	6533
34	6570
34	8477
34	8572
34	9029
34	9336
34	9377
34	9403
34	11027
34	11462
34	15028
34	15534
34	22507
34	26354
34	26916
34	28962
34	32338
34	46891
34	52726
34	57728
34	58262
34	58776
34	60261
34	60430
34	67725
34	72400
34	73045
34	75000
34	75063
34	79088
34	81289
34	81681
34	82838
34	84611
34	85832
34	85993
34	86565
34	88821
34	90544
34	113722
34	124328
34	125423
34	125686
34	126909
34	133018
34	135258
34	142240
34	142906
34	143773
34	145243
34	148375
34	148680
34	153088
34	153649
34	154965
34	155650
34	157633
34	157981
34	164033
34	164616
34	164683
34	168844
34	174397
34	181981
34	191359
34	204034
34	207501
34	213678
34	213827
34	217999
34	219526
34	224769
34	227025
34	252231
34	265199
34	278951
34	281569
34	282397
34	296017
34	311399
34	311765
34	313633
34	315623
34	325651
34	334653
34	335933
34	349838
34	351539
34	353053
34	353411
34	413591
34	430639
34	435248
34	444542
34	445235
34	481269
34	546217
34	555034
34	560891
34	648013
34	655360
34	657501
34	663560
34	666589
34	666590
34	666591
34	666592
34	666593
34	666594
34	666595
34	666596
34	666597
34	666598
34	666599
34	666600
34	666601
34	666602
34	666603
34	666604
34	666605
34	666606
34	666607
34	666608
34	666609
34	666610
34	666611
34	666612
34	666613
34	666614
34	666615
34	666616
34	666617
34	666618
34	666619
34	666620
34	666621
34	666622
34	666623
34	666624
34	666625
34	666627
34	666628
34	666629
34	666630
34	666631
34	666632
34	666633
34	666634
34	666986
34	667007
35	18
35	91
35	106
35	207
35	229
35	338
35	363
35	384
35	517
35	967
35	1103
35	1104
35	1105
35	1106
35	1107
35	1108
35	1109
35	1110
35	1111
35	1112
35	1113
35	1114
35	1115
35	1116
35	1117
35	1118
35	1119
35	1120
35	1121
35	1968
35	9451
35	12760
35	14796
35	15209
35	21426
35	162638
35	253628
35	510557
35	663560
35	664789
35	667240
35	667243
35	667245
35	667247
35	667251
35	667253
35	667254
35	667256
35	686626
35	1034018
35	1149037
36	18
37	18
37	45
37	59
37	104
37	106
37	114
37	117
37	142
37	151
37	154
37	156
37	202
37	209
37	220
37	242
37	269
37	276
37	311
37	312
37	314
37	338
37	341
37	363
37	367
37	385
37	386
37	404
37	405
37	432
37	435
37	453
37	455
37	480
37	495
37	514
37	515
37	517
37	534
37	608
37	688
37	723
37	730
37	762
37	796
37	797
37	802
37	803
37	806
37	812
37	881
37	882
37	890
37	906
37	940
37	1013
37	1070
37	1072
37	1085
37	1188
37	1191
37	1243
37	1247
37	1270
37	1274
37	1519
37	1539
37	1569
37	1915
37	1934
37	1948
37	1984
37	2076
37	2125
37	2150
37	2222
37	2243
37	2245
37	2246
37	2821
37	2836
37	2847
37	2848
37	2865
37	2869
37	2892
37	2932
37	3010
37	3100
37	3155
37	3191
37	3193
37	3232
37	3236
37	3372
37	3406
37	3423
37	3425
37	3447
37	3472
37	3480
37	3493
37	3524
37	3627
37	4496
37	4717
37	4719
37	4758
37	4929
37	5078
37	5092
37	5417
37	5418
37	5419
37	5420
37	5421
37	5422
37	5423
37	5424
37	5425
37	5426
37	5427
37	5428
37	5429
37	5430
37	5431
37	5432
37	5433
37	5434
37	5435
37	5436
37	5437
37	5438
37	5439
37	5440
37	5441
37	5442
37	5443
37	5444
37	5445
37	5446
37	5447
37	5448
37	5449
37	5450
37	5451
37	5452
37	5453
37	5454
37	5455
37	5456
37	5457
37	5458
37	5459
37	5460
37	5461
37	5462
37	5463
37	5464
37	5465
37	5466
37	5467
37	5468
37	5469
37	5470
37	5514
37	5532
37	5551
37	5768
37	5925
37	6289
37	6342
37	6811
37	6975
37	7716
37	7783
37	7790
37	7815
37	7855
37	7986
37	9207
37	9234
37	9246
37	9357
37	9437
37	9677
37	9832
37	9868
37	10061
37	10097
37	10113
37	10249
37	10275
37	10277
37	10307
37	10367
37	10420
37	10434
37	10436
37	10457
37	10480
37	10493
37	10528
37	10536
37	10572
37	10599
37	10610
37	10613
37	10725
37	10729
37	10767
37	10770
37	10782
37	10827
37	10858
37	10859
37	10954
37	10963
37	10967
37	10976
37	10993
37	11039
37	11044
37	11098
37	11119
37	11143
37	11189
37	11234
37	11244
37	11341
37	11361
37	11365
37	11368
37	11397
37	11412
37	11426
37	11547
37	11565
37	11577
37	11587
37	11590
37	11595
37	11671
37	11699
37	11700
37	11707
37	12141
37	13583
37	15732
37	17405
37	18944
37	19159
37	19584
37	21628
37	21653
37	52297
37	185808
37	220755
37	238009
37	267664
37	616939
37	642336
37	648817
37	658774
37	663558
37	663559
38	18
38	709
38	882
38	1191
38	8506
38	9162
38	9193
38	21475
38	21476
38	21477
38	21478
38	21479
38	21480
38	21481
38	21482
38	21483
38	21484
38	69102
38	506342
38	655626
38	665241
38	665242
38	665243
38	665244
39	18
39	91
39	106
39	517
39	967
39	4433
39	4434
39	4435
39	6372
40	2
40	18
40	154
40	170
40	204
40	210
40	306
40	363
40	367
40	404
40	420
40	435
40	455
40	480
40	608
40	776
40	794
40	804
40	1024
40	1309
40	2069
40	2829
40	2836
40	3169
40	3804
40	5756
40	6014
40	6300
40	6329
40	6719
40	7304
40	7673
40	7674
40	7675
40	7676
40	7677
40	7678
40	7679
40	7680
40	7681
40	7682
40	7683
40	7684
40	7685
40	7686
40	7687
40	7688
40	7689
40	7690
40	7691
40	7692
40	7693
40	7694
40	7695
40	7696
40	7697
40	7698
40	7699
40	7700
40	7701
40	7702
40	7806
40	9758
40	12939
40	13098
40	13568
40	27977
40	61233
40	186205
40	200789
40	635517
40	651140
40	656148
40	663719
40	663852
40	664468
40	665418
40	665466
40	665815
40	665935
40	665936
40	665937
40	665938
40	665939
40	665940
40	665941
40	665942
40	665943
40	665944
40	665945
40	665946
40	666986
40	1019862
40	1034018
40	1120568
41	18
41	249
41	291
41	363
41	367
41	404
41	730
41	881
41	882
41	1072
41	1119
41	2058
41	2076
41	2244
41	2822
41	2823
41	2824
41	2825
41	2826
41	2827
41	2828
41	2829
41	2830
41	2831
41	2832
41	2833
41	2834
41	2835
41	2836
41	2837
41	2838
41	2839
41	2840
41	2841
41	2842
41	3812
41	10278
41	10420
41	47473
41	119746
41	223416
41	651119
41	663853
41	665354
41	665443
41	666986
41	672860
42	18
42	106
42	312
42	341
42	363
42	384
42	480
42	773
42	804
42	808
42	890
42	967
42	1007
42	1008
42	1009
42	1010
42	1011
42	1012
42	1013
42	1014
42	1015
42	1016
42	1017
42	1018
42	1019
42	1020
42	1021
42	1022
42	1023
42	1024
42	1025
42	1026
42	1027
42	9805
42	26974
42	37593
42	176655
42	663715
43	18
43	34
43	94
43	195
43	207
43	210
43	256
43	276
43	289
43	363
43	367
43	492
43	515
43	773
43	823
43	927
43	1118
43	1352
43	1365
43	1499
43	1585
43	1586
43	1588
43	1591
43	1593
43	1598
43	1625
43	1691
43	1711
43	1727
43	2892
43	2979
43	3448
43	3491
43	3601
43	4936
43	5465
43	5588
43	7730
43	7800
43	8214
43	8509
43	9412
43	9495
43	10677
43	11591
43	12238
43	12378
43	12860
43	13024
43	14284
43	15290
43	15435
43	16431
43	16765
43	16823
43	17293
43	18847
43	18848
43	18849
43	18850
43	18851
43	18852
43	18853
43	18854
43	18855
43	18856
43	18857
43	18858
43	18859
43	18860
43	18861
43	18862
43	18863
43	18864
43	18865
43	18866
43	18867
43	18868
43	18869
43	18870
43	18871
43	18872
43	18873
43	18874
43	18875
43	18876
43	18877
43	18878
43	18879
43	18880
43	18881
43	18882
43	18883
43	18884
43	18885
43	18886
43	18887
43	18888
43	18889
43	18890
43	18891
43	18892
43	18893
43	18894
43	18895
43	18896
43	18897
43	18898
43	18899
43	18900
43	18901
43	18902
43	18903
43	18904
43	18905
43	18906
43	18907
43	18908
43	18909
43	18910
43	18911
43	18912
43	18913
43	18914
43	18915
43	18916
43	18917
43	18918
43	18919
43	18920
43	18921
43	18922
43	18923
43	18924
43	18925
43	18926
43	18944
43	19584
43	25506
43	32498
43	33713
43	39444
43	41816
43	41955
43	67935
43	67961
43	81434
43	81464
43	85316
43	88449
43	91761
43	138331
43	139235
43	144406
43	144865
43	149879
43	150809
43	158523
43	160647
43	166745
43	196633
43	219925
43	276516
43	441890
43	442940
43	457564
43	502840
43	546080
43	649204
43	651094
43	655586
43	655879
43	656206
43	665553
43	665597
43	665664
43	665665
43	665666
43	665667
43	665668
43	665669
43	665670
43	665671
43	665672
43	665673
43	665674
43	665675
43	665676
43	665677
43	665678
43	665679
43	665680
43	665681
43	665682
43	665683
43	665684
43	665685
43	665686
43	665687
43	665688
43	665689
43	665690
43	665691
43	665692
43	665693
43	665694
43	665695
43	665696
43	665697
43	665698
43	665699
43	665700
43	665701
43	665702
43	665703
43	665704
43	665705
43	665706
43	665707
43	665708
43	665709
44	18
44	210
44	376
44	446
44	453
44	455
44	730
44	794
44	848
44	1071
44	1072
44	1091
44	1367
44	2106
44	2983
44	3157
44	3194
44	3222
44	4709
44	5008
44	5230
44	5243
44	5247
44	5248
44	5249
44	5250
44	5251
44	5252
44	5253
44	5254
44	5255
44	5256
44	5257
44	5258
44	5259
44	5260
44	5261
44	5262
44	5263
44	5264
44	5265
44	5266
44	5267
44	5268
44	5269
44	5270
44	5271
44	5272
44	5273
44	5274
44	5275
44	5276
44	5277
44	5278
44	5279
44	5280
44	5281
44	5282
44	5283
44	5284
44	5285
44	5286
44	5287
44	5288
44	5289
44	5290
44	5291
44	5292
44	5293
44	5294
44	5295
44	5296
44	5297
44	5298
44	5299
44	5300
44	5301
44	5302
44	5303
44	5304
44	5305
44	5306
44	5307
44	5308
44	5309
44	5310
44	5311
44	5312
44	5313
44	5314
44	5315
44	5316
44	5317
44	5318
44	5319
44	5320
44	5321
44	5322
44	5323
44	5324
44	5325
44	5326
44	5327
44	5328
44	5329
44	5330
44	5331
44	5332
44	5333
44	5334
44	5335
44	5336
44	5337
44	5338
44	5339
44	5340
44	5341
44	5342
44	5343
44	5344
44	5345
44	5346
44	5347
44	5348
44	5349
44	5350
44	5351
44	5352
44	5353
44	5354
44	5355
44	5356
44	5357
44	5358
44	5359
44	5360
44	5361
44	5362
44	5363
44	5364
44	5365
44	5366
44	5367
44	5368
44	5369
44	5370
44	5371
44	5372
44	5373
44	5374
44	5375
44	5376
44	5377
44	5378
44	5379
44	5380
44	5381
44	5382
44	5383
44	5384
44	5385
44	5386
44	5387
44	5388
44	5389
44	5390
44	5391
44	5392
44	5393
44	5394
44	5395
44	5396
44	5397
44	5398
44	5399
44	5400
44	5401
44	5402
44	5403
44	5404
44	5405
44	5406
44	5407
44	5408
44	5409
44	5410
44	5411
44	5412
44	5413
44	5414
44	5415
44	5416
44	6956
44	13568
44	14522
44	18118
44	19116
44	19584
44	22052
44	22486
44	43163
44	59652
44	63051
44	67407
44	67807
44	71353
44	100701
44	129130
44	132892
44	141423
44	168460
44	168510
44	449965
44	558144
44	617622
44	650911
44	653875
44	656601
44	665565
44	665942
44	668781
44	668782
44	668783
44	668784
44	668785
44	668786
44	668787
44	668788
44	668789
44	668790
44	668791
44	668792
44	668793
44	668794
44	668795
44	668796
44	668797
44	668798
44	668799
44	668800
44	668801
44	668802
44	668803
44	668804
44	668805
44	668806
44	668807
44	668808
44	668809
44	668810
44	668811
44	668812
44	668813
44	668814
44	668815
44	668816
44	668817
44	668818
44	668819
44	670254
44	1034018
44	1045228
44	1073570
45	4
45	18
45	32
45	34
45	37
45	57
45	61
45	85
45	91
45	94
45	100
45	104
45	106
45	114
45	136
45	137
45	138
45	139
45	140
45	141
45	142
45	143
45	144
45	145
45	146
45	147
45	148
45	149
45	150
45	151
45	152
45	153
45	154
45	155
45	156
45	157
45	158
45	159
45	160
45	161
45	162
45	163
45	164
45	165
45	166
45	167
45	168
45	169
45	170
45	171
45	172
45	173
45	174
45	175
45	176
45	177
45	178
45	179
45	180
45	181
45	182
45	183
45	184
45	185
45	186
45	187
45	188
45	189
45	190
45	191
45	192
45	193
45	194
45	195
45	196
45	197
45	198
45	199
45	200
45	201
45	202
45	203
45	204
45	205
45	206
45	207
45	208
45	209
45	210
45	211
45	212
45	213
45	214
45	215
45	216
45	217
45	218
45	219
45	220
45	221
45	222
45	223
45	224
45	225
45	226
45	227
45	228
45	229
45	230
45	231
45	232
45	233
45	234
45	235
45	236
45	237
45	238
45	239
45	240
45	241
45	242
45	243
45	244
45	245
45	246
45	247
45	248
45	249
45	250
45	251
45	252
45	253
45	254
45	255
45	256
45	257
45	258
45	259
45	260
45	261
45	262
45	263
45	264
45	265
45	266
45	267
45	268
45	269
45	270
45	271
45	272
45	273
45	274
45	275
45	276
45	277
45	278
45	279
45	280
45	281
45	282
45	283
45	284
45	285
45	286
45	287
45	288
45	289
45	290
45	291
45	292
45	293
45	294
45	295
45	296
45	297
45	298
45	299
45	300
45	301
45	302
45	303
45	304
45	305
45	306
45	307
45	308
45	309
45	310
45	311
45	312
45	313
45	314
45	315
45	316
45	317
45	318
45	319
45	320
45	321
45	322
45	323
45	324
45	325
45	326
45	327
45	328
45	329
45	330
45	331
45	332
45	333
45	334
45	335
45	336
45	337
45	338
45	339
45	340
45	341
45	342
45	343
45	344
45	345
45	346
45	347
45	348
45	349
45	350
45	351
45	352
45	353
45	354
45	355
45	356
45	357
45	358
45	359
45	360
45	361
45	362
45	363
45	364
45	365
45	366
45	367
45	368
45	369
45	370
45	371
45	372
45	373
45	374
45	375
45	376
45	377
45	378
45	379
45	380
45	381
45	382
45	383
45	384
45	385
45	386
45	387
45	388
45	389
45	390
45	391
45	392
45	393
45	394
45	395
45	396
45	397
45	398
45	399
45	400
45	401
45	402
45	403
45	404
45	405
45	406
45	407
45	408
45	409
45	410
45	411
45	412
45	413
45	414
45	415
45	416
45	417
45	418
45	419
45	420
45	421
45	422
45	423
45	424
45	425
45	426
45	427
45	428
45	429
45	430
45	431
45	432
45	433
45	434
45	435
45	436
45	437
45	438
45	439
45	440
45	441
45	442
45	443
45	444
45	445
45	446
45	447
45	448
45	449
45	450
45	451
45	452
45	453
45	454
45	455
45	456
45	457
45	458
45	459
45	460
45	461
45	462
45	463
45	464
45	465
45	466
45	467
45	468
45	469
45	470
45	471
45	472
45	473
45	474
45	475
45	476
45	477
45	478
45	479
45	480
45	481
45	482
45	483
45	484
45	485
45	486
45	487
45	488
45	489
45	490
45	491
45	492
45	493
45	494
45	495
45	496
45	497
45	498
45	499
45	500
45	501
45	502
45	503
45	504
45	505
45	506
45	507
45	508
45	509
45	510
45	511
45	512
45	513
45	514
45	515
45	516
45	517
45	518
45	519
45	520
45	521
45	522
45	523
45	524
45	727
45	730
45	868
45	881
45	963
45	1666
45	3186
45	3193
45	5038
45	5488
45	6780
45	6899
45	7806
45	8365
45	8958
45	9493
45	9735
45	10420
45	10528
45	10677
45	11115
45	11417
45	12141
45	14054
45	14311
45	14734
45	15911
45	16175
45	16733
45	16903
45	17362
45	18952
45	18995
45	19584
45	21389
45	21633
45	22131
45	22206
45	23385
45	23573
45	26044
45	26239
45	28262
45	34405
45	35212
45	42958
45	43994
45	49458
45	50905
45	50957
45	54686
45	68910
45	103689
45	122325
45	165135
45	167530
45	174227
45	176421
45	204400
45	313482
45	335922
45	359010
45	616939
45	642164
45	642342
45	643208
45	644974
45	650922
45	651135
45	651206
45	655471
45	655642
45	657488
45	663545
45	663578
45	663626
45	663701
45	664068
45	664086
45	664663
45	665438
45	665450
45	665460
45	665517
45	665533
45	665725
45	665805
45	666072
45	666527
45	666528
45	666529
45	666530
45	666531
45	666532
45	666533
45	666534
45	666535
45	666536
45	666537
45	666538
45	666539
45	666540
45	666541
45	666542
45	666543
45	666544
45	666545
47	4
47	15
47	18
47	63
47	72
47	106
47	114
47	134
47	165
47	195
47	341
47	363
47	407
47	452
47	455
47	470
47	480
47	531
47	546
47	631
47	688
47	718
47	723
47	806
47	813
47	822
47	830
47	840
47	848
47	881
47	882
47	885
47	886
47	903
47	932
47	940
47	1025
47	1072
47	1089
47	1172
47	1240
47	1274
47	1527
47	1975
47	2047
47	2059
47	2088
47	2118
47	2245
47	2252
47	2821
47	2868
47	3086
47	3092
47	3305
47	3361
47	3389
47	3391
47	3428
47	3447
47	3491
47	3492
47	3509
47	3517
47	3547
47	3558
47	3610
47	3646
47	3808
47	4457
47	4459
47	4460
47	4492
47	4502
47	4703
47	4731
47	4866
47	4938
47	5092
47	5094
47	5135
47	5167
47	5193
47	5195
47	5230
47	5341
47	5576
47	5738
47	5927
47	6102
47	6113
47	6338
47	6419
47	6799
47	7462
47	7679
47	7785
47	8424
47	8455
47	8477
47	8498
47	8550
47	8690
47	8792
47	9516
47	9517
47	9535
